,,102.245,105.38,108.513,111.648,114.78,117.911,121.041,124.169,127.297,130.423,133.547,136.671,139.795,142.917,146.038,149.159,152.276,155.394,158.511,161.625,164.74,167.854,170.965,174.077,177.186,180.295,183.402,186.508,189.615,192.718,195.823,198.924,202.025,205.124,208.225,211.322,214.419,217.514,220.608,223.701,226.794,229.885,232.975,236.064,239.152,242.239,245.325,248.408,251.492,254.575,257.657,260.736,263.816,266.895,269.97,273.047,276.121,279.196,282.267,285.34,288.41,291.48,294.548,297.615,300.68,303.747,306.81,309.873,312.934,315.995,319.054,322.115,325.172,328.229,331.282,334.336,337.39,340.442,343.494,346.544,349.591,352.64,355.687,358.731,361.776,364.821,367.862,370.904,373.944,376.984,380.021,383.057,386.095,389.129,392.162,395.196,398.228,401.258,404.287,407.315,410.342,413.369,416.394,419.418,422.441,425.464,428.485,431.505,434.522,437.541,440.558,443.574,446.587,449.602,452.613,455.625,458.635,461.645,464.652,467.661,470.666,473.67,476.676,479.678,482.679,485.68,488.679,491.678,494.675,497.672,500.667,503.662,506.655,509.648,512.639,515.63,518.617,521.606,524.594,527.578,530.564,533.549,536.53,539.513,542.493,545.472,548.452,551.428,554.404,557.381,560.355,563.328,566.3,569.271,572.241,575.21,578.178,581.146,584.112,587.077,590.041,593.005,595.965,598.926,601.887,604.844,607.802,610.758,613.714,616.668,619.623,622.574,625.525,628.477,631.426,634.373,637.32,640.266,643.211,646.155,649.098,652.04,654.981,657.921,660.861,663.799,666.736,669.671,672.606,675.54,678.472,681.404,684.334,687.265,690.192,693.119,696.047,698.972,701.896,704.819,707.743,710.664,713.584,716.503,719.421,722.339,725.255,728.169,731.083,733.997,736.909,739.819,742.73,745.639,748.546,751.454,754.359,757.263,760.168,763.07,765.972,768.874,771.773,774.672,777.569,780.466,783.362,786.256,789.15,792.043,794.935,797.824,800.714,803.603,806.489,809.377,812.263,815.146,818.029,820.913,823.793,826.675,829.554,832.432,835.309,838.185,841.06,843.934,846.808,849.68,852.551,855.422,858.292,861.16,864.026,866.893,869.759,872.622,875.486,878.347,881.21,884.069,886.928,889.787,892.644,895.5,898.355,901.208,904.062,906.914,909.765,912.615,915.465,918.313,921.159,924.005,926.851,929.694,932.538,935.379,938.221,941.061,943.899,946.739,949.575,952.411,955.246,958.079,960.912,963.745,966.576,969.406,972.235,975.064,977.891,980.716,983.542,986.365,989.189,992.01,994.832,997.652,1000.47,1003.29,1006.11,1008.92,1011.74,1014.55,1017.36,1020.18,1022.99,1025.8,1028.61,1031.42,1034.22,1037.03,1039.84,1042.64,1045.44,1048.24,1051.05,1053.85,1056.65,1059.44,1062.24,1065.04,1067.83,1070.63,1073.42,1076.21,1079.01,1081.79,1084.58,1087.37,1090.16,1092.95,1095.73,1098.52,1101.3,1104.08,1106.87,1109.65,1112.43,1115.21,1117.98,1120.76,1123.54,1126.31,1129.08,1131.86,1134.63,1137.4,1140.17,1142.94,1145.71,1148.47,1151.24,1154.0,1156.77,1159.53,1162.29,1165.05,1167.81,1170.57,1173.33,1176.09,1178.85,1181.6,1184.36,1187.11,1189.86,1192.61,1195.36,1198.11,1200.86,1203.61,1206.36,1209.1,1211.85,1214.59,1217.33,1220.07,1222.82,1225.56,1228.29,1231.03,1233.77,1236.5,1239.24,1241.97,1244.71,1247.44,1250.17,1252.9,1255.63,1258.36,1261.09,1263.81,1266.54,1269.26,1271.99,1274.71,1277.43,1280.15,1282.87,1285.59,1288.31,1291.02,1293.74,1296.45,1299.17,1301.88,1304.59,1307.31,1310.02,1312.72,1315.43,1318.14,1320.85,1323.55,1326.26,1328.96,1331.66,1334.36,1337.06,1339.76,1342.46,1345.16,1347.86,1350.55,1353.25,1355.94,1358.64,1361.33,1364.02,1366.71,1369.4,1372.09,1374.77,1377.46,1380.15,1382.83,1385.51,1388.2,1390.88,1393.56,1396.24,1398.92,1401.6,1404.27,1406.95,1409.62,1412.3,1414.97,1417.64,1420.32,1422.99,1425.66,1428.32,1430.99,1433.66,1436.32,1438.99,1441.65,1444.31,1446.98,1449.64,1452.3,1454.96,1457.62,1460.27,1462.93,1465.59,1468.24,1470.89,1473.55,1476.2,1478.85,1481.5,1484.15,1486.8,1489.44,1492.09,1494.73,1497.38,1500.02,1502.66,1505.3,1507.94,1510.58,1513.22,1515.86,1518.5,1521.13,1523.77,1526.4,1529.04,1531.67,1534.3,1536.93,1539.56,1542.19,1544.82,1547.44,1550.07,1552.69,1555.32,1557.94,1560.56,1563.18,1565.8,1568.42,1571.04,1573.66,1576.27,1578.89,1581.51,1584.12,1586.73,1589.34,1591.95,1594.56,1597.17,1599.78,1602.39,1605.0,1607.6,1610.21,1612.81,1615.41,1618.01,1620.61,1623.22,1625.81,1628.41,1631.01,1633.6,1636.2,1638.79,1641.39,1643.98,1646.57,1649.16,1651.75,1654.34,1656.93,1659.52,1662.11,1664.69,1667.28,1669.86,1672.44,1675.02,1677.6,1680.18,1682.76,1685.34,1687.92,1690.49,1693.07,1695.65,1698.22,1700.79,1703.36,1705.93,1708.5,1711.07,1713.64,1716.21,1718.78,1721.34,1723.91,1726.47,1729.03,1731.59,1734.16,1736.72,1739.27,1741.83,1744.39,1746.95,1749.5,1752.06,1754.61,1757.16,1759.72,1762.27,1764.82,1767.37,1769.92,1772.46,1775.01,1777.55,1780.1,1782.64,1785.19,1787.73,1790.27,1792.81,1795.35,1797.89,1800.43,1802.96,1805.5,1808.04,1810.57,1813.1,1815.64,1818.17,1820.7,1823.23,1825.76,1828.28,1830.81,1833.34,1835.86,1838.39,1840.91,1843.43,1845.95,1848.48,1851.0,1853.52,1856.03,1858.55,1861.07,1863.58,1866.1,1868.61,1871.12,1873.64,1876.15,1878.66,1881.17,1883.67,1886.18,1888.69,1891.19,1893.7,1896.2,1898.71,1901.21,1903.71,1906.21,1908.71,1911.21,1913.71,1916.21,1918.7,1921.2,1923.69,1926.18,1928.68,1931.17,1933.66,1936.15,1938.64,1941.13,1943.62,1946.1,1948.59,1951.07,1953.56,1956.04,1958.52,1961.0,1963.48,1965.96,1968.44,1970.92,1973.4,1975.87,1978.35,1980.82,1983.29,1985.77,1988.24,1990.71,1993.18,1995.65,1998.12
0.0,0.0,256.0,248.0,244.0,250.0,242.0,244.0,252.0,254.0,248.0,254.0,250.0,246.0,250.0,260.0,262.0,282.0,254.0,272.0,280.0,300.0,294.0,260.0,288.0,286.0,284.0,302.0,296.0,298.0,282.0,290.0,300.0,288.0,256.0,284.0,276.0,284.0,264.0,296.0,278.0,282.0,286.0,270.0,256.0,274.0,286.0,294.0,284.0,282.0,276.0,282.0,288.0,296.0,306.0,292.0,306.0,294.0,306.0,312.0,282.0,314.0,292.0,314.0,320.0,320.0,296.0,302.0,292.0,302.0,280.0,304.0,302.0,274.0,310.0,308.0,314.0,292.0,298.0,290.0,310.0,292.0,296.0,276.0,318.0,284.0,292.0,304.0,306.0,316.0,324.0,308.0,286.0,314.0,314.0,308.0,280.0,304.0,278.0,316.0,294.0,296.0,280.0,308.0,304.0,310.0,302.0,306.0,276.0,296.0,304.0,312.0,300.0,302.0,314.0,284.0,306.0,284.0,310.0,310.0,320.0,334.0,312.0,318.0,320.0,320.0,314.0,326.0,326.0,332.0,320.0,354.0,340.0,338.0,366.0,362.0,342.0,368.0,330.0,332.0,344.0,300.0,324.0,310.0,338.0,308.0,308.0,298.0,328.0,306.0,326.0,314.0,338.0,316.0,332.0,312.0,340.0,326.0,290.0,302.0,326.0,284.0,336.0,318.0,338.0,308.0,344.0,312.0,312.0,318.0,308.0,318.0,322.0,316.0,320.0,308.0,322.0,312.0,310.0,304.0,336.0,334.0,334.0,308.0,312.0,330.0,316.0,336.0,328.0,342.0,304.0,326.0,344.0,338.0,328.0,324.0,312.0,338.0,338.0,320.0,326.0,332.0,322.0,320.0,312.0,340.0,348.0,320.0,336.0,340.0,328.0,334.0,322.0,340.0,328.0,336.0,326.0,344.0,344.0,346.0,330.0,340.0,308.0,334.0,336.0,328.0,318.0,352.0,372.0,352.0,352.0,356.0,344.0,340.0,322.0,344.0,352.0,340.0,322.0,338.0,358.0,344.0,334.0,330.0,356.0,318.0,338.0,326.0,334.0,350.0,336.0,356.0,338.0,354.0,378.0,334.0,344.0,346.0,364.0,340.0,358.0,372.0,342.0,346.0,360.0,342.0,350.0,350.0,350.0,344.0,346.0,338.0,354.0,372.0,352.0,336.0,358.0,350.0,352.0,368.0,342.0,366.0,332.0,370.0,346.0,330.0,340.0,340.0,328.0,338.0,342.0,346.0,350.0,358.0,344.0,372.0,376.0,382.0,342.0,372.0,364.0,370.0,366.0,338.0,344.0,356.0,362.0,374.0,364.0,362.0,380.0,356.0,374.0,380.0,378.0,382.0,370.0,370.0,370.0,340.0,380.0,380.0,350.0,382.0,348.0,346.0,388.0,390.0,366.0,382.0,352.0,378.0,398.0,374.0,384.0,358.0,354.0,368.0,382.0,364.0,374.0,362.0,392.0,358.0,398.0,364.0,374.0,376.0,390.0,386.0,396.0,392.0,372.0,392.0,392.0,362.0,372.0,380.0,378.0,370.0,364.0,398.0,382.0,390.0,378.0,394.0,406.0,410.0,362.0,394.0,384.0,390.0,384.0,406.0,370.0,384.0,416.0,390.0,430.0,382.0,384.0,390.0,398.0,398.0,406.0,412.0,396.0,400.0,394.0,374.0,406.0,396.0,396.0,394.0,388.0,396.0,402.0,392.0,384.0,386.0,406.0,420.0,386.0,404.0,398.0,372.0,388.0,388.0,422.0,400.0,406.0,404.0,386.0,394.0,404.0,402.0,400.0,368.0,408.0,416.0,408.0,418.0,394.0,384.0,430.0,420.0,384.0,400.0,420.0,402.0,402.0,410.0,408.0,390.0,416.0,404.0,396.0,396.0,420.0,412.0,382.0,426.0,402.0,390.0,414.0,390.0,442.0,410.0,392.0,416.0,422.0,440.0,420.0,416.0,404.0,436.0,404.0,416.0,412.0,412.0,400.0,408.0,426.0,410.0,438.0,412.0,408.0,414.0,428.0,400.0,442.0,396.0,436.0,422.0,438.0,422.0,420.0,424.0,420.0,420.0,424.0,430.0,420.0,430.0,426.0,400.0,388.0,436.0,402.0,432.0,420.0,438.0,428.0,430.0,396.0,404.0,418.0,430.0,432.0,440.0,394.0,430.0,452.0,440.0,426.0,398.0,438.0,420.0,420.0,444.0,436.0,412.0,422.0,420.0,448.0,418.0,422.0,422.0,434.0,438.0,438.0,440.0,432.0,420.0,444.0,440.0,442.0,432.0,428.0,444.0,446.0,442.0,450.0,412.0,440.0,414.0,428.0,418.0,414.0,412.0,452.0,430.0,442.0,416.0,466.0,434.0,442.0,434.0,430.0,446.0,448.0,436.0,424.0,430.0,466.0,432.0,438.0,422.0,446.0,436.0,430.0,410.0,448.0,440.0,436.0,412.0,448.0,446.0,422.0,428.0,444.0,438.0,446.0,440.0,448.0,444.0,416.0,444.0,450.0,446.0,444.0,434.0,448.0,428.0,424.0,438.0,438.0,434.0,458.0,432.0,440.0,442.0,442.0,436.0,446.0,454.0,456.0,446.0,454.0,432.0,440.0,444.0,446.0,442.0,462.0,438.0,428.0,448.0,446.0,468.0,460.0,438.0,430.0,452.0,454.0,448.0,446.0,476.0,456.0,450.0,444.0,430.0,422.0,468.0,442.0,476.0,464.0,464.0,448.0,442.0,434.0,456.0,490.0,460.0,446.0,446.0,446.0,488.0,466.0,476.0,432.0,450.0,452.0,468.0,448.0,464.0,458.0,470.0,444.0,476.0,464.0,462.0,484.0,464.0,424.0,430.0,456.0,462.0,472.0,456.0,444.0,444.0,466.0,458.0,470.0,474.0,450.0,462.0,458.0,442.0,478.0,472.0,426.0,458.0,464.0,454.0,480.0,460.0,480.0,482.0,480.0,492.0,466.0
0.0,1.5599100000000004,184.0,190.0,170.0,188.0,190.0,188.0,198.0,178.0,164.0,184.0,176.0,178.0,190.0,190.0,192.0,186.0,166.0,210.0,186.0,192.0,198.0,206.0,202.0,206.0,220.0,212.0,220.0,210.0,214.0,208.0,216.0,252.0,216.0,226.0,208.0,230.0,208.0,208.0,202.0,212.0,218.0,200.0,208.0,200.0,204.0,192.0,210.0,208.0,226.0,227.0,228.0,230.0,234.0,222.0,218.0,212.0,214.0,206.0,236.0,230.0,240.0,238.0,210.0,238.0,232.0,226.0,222.0,226.0,206.0,210.0,244.0,234.0,210.0,210.0,228.0,208.0,220.0,200.0,204.0,218.0,236.0,228.0,232.0,234.0,234.0,240.0,216.0,230.0,234.0,218.0,234.0,218.0,226.0,222.0,204.0,218.0,228.0,204.0,208.0,222.0,216.0,210.0,214.0,232.0,224.0,216.0,230.0,216.0,230.0,200.0,208.0,208.0,224.0,210.0,202.0,218.0,214.0,228.0,212.0,238.0,224.0,230.0,208.0,242.0,252.0,218.0,254.0,238.0,224.0,246.0,246.0,280.0,260.0,278.0,260.0,254.0,236.0,250.0,242.0,208.0,232.0,238.0,230.0,208.0,240.0,224.0,226.0,204.0,210.0,258.0,246.0,216.0,244.0,224.0,230.0,222.0,208.0,230.0,260.0,240.0,228.0,230.0,226.0,230.0,230.0,222.0,238.0,232.0,230.0,248.0,236.0,224.0,232.0,240.0,230.0,234.0,212.0,218.0,240.0,232.0,212.0,242.0,234.0,246.0,236.0,252.0,248.0,242.0,240.0,240.0,236.0,230.0,226.0,228.0,232.0,242.0,224.0,216.0,228.0,218.0,228.0,236.0,238.0,240.0,236.0,224.0,252.0,228.0,230.0,256.0,254.0,234.0,232.0,238.0,246.0,248.0,216.0,248.0,236.0,244.0,246.0,238.0,250.0,248.0,252.0,236.0,254.0,256.0,226.0,244.0,238.0,226.0,260.0,238.0,240.0,240.0,242.0,236.0,250.0,250.0,240.0,256.0,240.0,254.0,238.0,254.0,244.0,246.0,228.0,238.0,252.0,248.0,226.0,248.0,230.0,248.0,242.0,270.0,250.0,240.0,254.0,250.0,240.0,270.0,256.0,226.0,252.0,270.0,238.0,248.0,240.0,250.0,240.0,258.0,264.0,268.0,236.0,256.0,246.0,238.0,246.0,252.0,244.0,252.0,256.0,262.0,240.0,266.0,264.0,254.0,266.0,256.0,266.0,254.0,264.0,254.0,250.0,276.0,284.0,256.0,264.0,288.0,278.0,272.0,264.0,272.0,268.0,262.0,284.0,290.0,268.0,274.0,286.0,266.0,254.0,263.0,272.0,280.0,278.0,260.0,258.0,258.0,294.0,272.0,268.0,268.0,292.0,274.0,242.0,252.0,290.0,276.0,258.0,272.0,256.0,260.0,274.0,270.0,276.0,278.0,262.0,268.0,294.0,278.0,280.0,254.0,260.0,266.0,244.0,268.0,284.0,280.0,254.0,260.0,264.0,274.0,272.0,286.0,274.0,256.0,258.0,278.0,288.0,288.0,260.0,270.0,276.0,296.0,288.0,292.0,262.0,280.0,270.0,280.0,300.0,296.0,270.0,284.0,286.0,286.0,286.0,290.0,264.0,280.0,266.0,280.0,286.0,276.0,294.0,276.0,298.0,288.0,302.0,270.0,286.0,280.0,288.0,276.0,272.0,288.0,278.0,276.0,288.0,278.0,282.0,278.0,290.0,264.0,288.0,276.0,270.0,276.0,284.0,284.0,278.0,280.0,276.0,302.0,286.0,290.0,264.0,278.0,286.0,310.0,294.0,282.0,286.0,284.0,314.0,298.0,292.0,284.0,304.0,298.0,288.0,302.0,304.0,274.0,306.0,300.0,300.0,294.0,312.0,300.0,302.0,288.0,278.0,288.0,306.0,298.0,296.0,278.0,302.0,286.0,314.0,308.0,310.0,302.0,326.0,288.0,316.0,308.0,304.0,302.0,314.0,292.0,294.0,288.0,296.0,318.0,288.0,306.0,300.0,284.0,292.0,312.0,302.0,326.0,294.0,294.0,294.0,300.0,282.0,300.0,316.0,296.0,296.0,286.0,310.0,304.0,304.0,312.0,284.0,318.0,298.0,288.0,298.0,306.0,302.0,290.0,300.0,308.0,312.0,298.0,316.0,306.0,310.0,310.0,316.0,292.0,316.0,316.0,300.0,338.0,310.0,306.0,312.0,306.0,308.0,316.0,318.0,302.0,312.0,322.0,346.0,320.0,298.0,304.0,308.0,294.0,320.0,318.0,312.0,316.0,302.0,312.0,298.0,314.0,326.0,312.0,308.0,322.0,312.0,296.0,300.0,312.0,330.0,318.0,306.0,304.0,328.0,304.0,314.0,292.0,346.0,282.0,328.0,306.0,298.0,324.0,308.0,308.0,330.0,316.0,302.0,306.0,340.0,312.0,316.0,314.0,310.0,292.0,322.0,310.0,312.0,316.0,334.0,322.0,332.0,340.0,308.0,320.0,294.0,310.0,338.0,320.0,322.0,314.0,288.0,320.0,328.0,322.0,308.0,306.0,318.0,326.0,332.0,318.0,320.0,322.0,320.0,324.0,344.0,334.0,324.0,318.0,338.0,306.0,340.0,338.0,328.0,332.0,300.0,312.0,322.0,336.0,332.0,320.0,328.0,312.0,320.0,332.0,340.0,326.0,312.0,302.0,332.0,332.0,312.0,322.0,336.0,352.0,336.0,338.0,332.0,336.0,338.0,324.0,316.0,332.0,348.0,340.0,336.0,316.0,332.0,336.0,336.0,366.0,336.0,298.0,318.0,332.0,340.0,340.0,326.0,332.0,356.0,302.0,324.0,332.0,302.0,336.0,346.0,332.0,344.0,316.0,328.0,362.0,356.0,342.0,344.0,342.0,330.0,322.0,346.0,324.0,326.0,340.0,342.0,336.0,316.0
0.0,3.11981,148.0,166.0,170.0,156.0,162.0,168.0,168.0,182.0,178.0,162.0,166.0,150.0,168.0,162.0,166.0,202.0,218.0,204.0,174.0,174.0,184.0,192.0,184.0,194.0,212.0,190.0,204.0,204.0,174.0,196.0,186.0,198.0,182.0,186.0,204.0,182.0,184.0,178.0,202.0,188.0,190.0,198.0,170.0,194.0,182.0,186.0,188.0,206.0,170.0,187.0,204.0,184.0,194.0,196.0,210.0,210.0,208.0,212.0,202.0,220.0,204.0,202.0,186.0,210.0,192.0,196.0,186.0,196.0,198.0,196.0,188.0,190.0,192.0,194.0,194.0,200.0,202.0,180.0,190.0,192.0,206.0,200.0,202.0,198.0,206.0,198.0,212.0,194.0,198.0,198.0,188.0,206.0,210.0,200.0,202.0,198.0,194.0,196.0,184.0,196.0,204.0,200.0,200.0,198.0,216.0,200.0,178.0,204.0,180.0,192.0,182.0,192.0,194.0,198.0,200.0,190.0,212.0,194.0,178.0,200.0,192.0,194.0,214.0,202.0,224.0,232.0,220.0,212.0,212.0,226.0,206.0,228.0,232.0,238.0,232.0,240.0,218.0,222.0,228.0,210.0,216.0,184.0,230.0,202.0,216.0,214.0,204.0,212.0,190.0,190.0,208.0,190.0,204.0,208.0,190.0,200.0,194.0,220.0,222.0,220.0,210.0,196.0,202.0,190.0,200.0,202.0,210.0,202.0,218.0,192.0,202.0,200.0,194.0,216.0,198.0,200.0,200.0,202.0,206.0,208.0,202.0,208.0,204.0,224.0,202.0,208.0,212.0,204.0,214.0,216.0,204.0,204.0,234.0,214.0,200.0,208.0,210.0,204.0,208.0,210.0,202.0,212.0,216.0,206.0,212.0,222.0,216.0,214.0,202.0,210.0,218.0,216.0,212.0,212.0,202.0,230.0,220.0,216.0,204.0,208.0,230.0,216.0,214.0,202.0,202.0,210.0,198.0,214.0,208.0,206.0,222.0,198.0,220.0,222.0,190.0,224.0,236.0,220.0,200.0,206.0,216.0,208.0,218.0,206.0,228.0,236.0,200.0,212.0,206.0,228.0,230.0,230.0,216.0,212.0,224.0,212.0,232.0,234.0,228.0,222.0,214.0,240.0,214.0,224.0,220.0,234.0,196.0,232.0,236.0,230.0,214.0,218.0,210.0,236.0,226.0,228.0,236.0,230.0,236.0,208.0,234.0,240.0,212.0,240.0,226.0,240.0,254.0,242.0,246.0,236.0,214.0,226.0,224.0,224.0,208.0,218.0,226.0,254.0,236.0,246.0,230.0,254.0,234.0,230.0,220.0,244.0,242.0,222.0,236.0,242.0,242.0,244.0,262.0,242.0,230.0,242.0,254.0,238.0,252.0,242.0,222.0,236.0,214.0,230.0,238.0,248.0,244.0,232.0,236.0,226.0,250.0,210.0,246.0,220.0,240.0,260.0,242.0,250.0,240.0,244.0,240.0,254.0,242.0,228.0,242.0,244.0,260.0,246.0,254.0,230.0,246.0,250.0,246.0,242.0,220.0,242.0,230.0,272.0,236.0,252.0,250.0,248.0,238.0,258.0,240.0,252.0,252.0,248.0,222.0,258.0,236.0,250.0,242.0,242.0,252.0,254.0,238.0,252.0,246.0,272.0,244.0,252.0,262.0,254.0,232.0,252.0,262.0,254.0,268.0,244.0,252.0,252.0,244.0,252.0,268.0,244.0,248.0,230.0,222.0,246.0,266.0,240.0,244.0,254.0,262.0,264.0,250.0,268.0,264.0,234.0,256.0,250.0,254.0,246.0,244.0,260.0,256.0,246.0,264.0,262.0,260.0,282.0,262.0,284.0,268.0,254.0,242.0,284.0,278.0,248.0,260.0,258.0,262.0,272.0,244.0,260.0,266.0,266.0,246.0,250.0,260.0,260.0,266.0,278.0,246.0,252.0,268.0,266.0,276.0,274.0,262.0,256.0,274.0,250.0,268.0,258.0,250.0,268.0,282.0,270.0,272.0,268.0,280.0,268.0,258.0,264.0,278.0,270.0,292.0,248.0,268.0,260.0,244.0,272.0,260.0,266.0,276.0,266.0,266.0,276.0,270.0,264.0,254.0,264.0,260.0,258.0,260.0,262.0,286.0,272.0,268.0,248.0,276.0,270.0,280.0,254.0,282.0,280.0,272.0,282.0,256.0,262.0,282.0,278.0,280.0,254.0,292.0,296.0,272.0,266.0,298.0,264.0,274.0,272.0,260.0,276.0,266.0,282.0,282.0,286.0,286.0,290.0,268.0,292.0,286.0,264.0,276.0,280.0,260.0,276.0,280.0,284.0,284.0,282.0,272.0,272.0,282.0,264.0,290.0,300.0,274.0,260.0,274.0,264.0,272.0,274.0,294.0,266.0,282.0,260.0,294.0,294.0,266.0,282.0,268.0,256.0,266.0,294.0,260.0,286.0,272.0,292.0,286.0,264.0,244.0,286.0,282.0,280.0,280.0,274.0,292.0,286.0,262.0,268.0,294.0,282.0,290.0,254.0,284.0,276.0,286.0,272.0,270.0,292.0,284.0,310.0,292.0,282.0,288.0,270.0,280.0,286.0,282.0,286.0,286.0,302.0,302.0,270.0,288.0,284.0,280.0,296.0,286.0,294.0,262.0,272.0,304.0,278.0,282.0,286.0,284.0,310.0,270.0,276.0,274.0,298.0,252.0,266.0,298.0,286.0,306.0,272.0,298.0,298.0,284.0,292.0,276.0,302.0,280.0,298.0,276.0,288.0,266.0,286.0,298.0,278.0,294.0,286.0,296.0,294.0,298.0,276.0,304.0,282.0,294.0,280.0,302.0,298.0,282.0,268.0,300.0,300.0,296.0,282.0,308.0,300.0,298.0,276.0,306.0,296.0,304.0,290.0,282.0,278.0,276.0,290.0,304.0,286.0,268.0,282.0,296.0,280.0,288.0,300.0,294.0,298.0,294.0,306.0,290.0,284.0,284.0
0.0,4.6797200000000005,172.0,188.0,196.0,178.0,194.0,178.0,176.0,198.0,182.0,180.0,180.0,204.0,184.0,186.0,190.0,204.0,200.0,194.0,212.0,206.0,216.0,198.0,206.0,220.0,204.0,218.0,206.0,220.0,218.0,220.0,202.0,202.0,216.0,218.0,202.0,218.0,210.0,204.0,208.0,204.0,200.0,216.0,200.0,216.0,196.0,210.0,206.0,202.0,206.0,212.0,218.0,210.0,200.0,196.0,226.0,222.0,214.0,218.0,214.0,220.0,226.0,218.0,232.0,222.0,218.0,212.0,202.0,198.0,214.0,220.0,206.0,204.0,206.0,214.0,220.0,222.0,230.0,228.0,220.0,224.0,214.0,218.0,212.0,218.0,208.0,222.0,212.0,226.0,224.0,220.0,220.0,224.0,234.0,210.0,208.0,208.0,214.0,212.0,216.0,202.0,242.0,216.0,224.0,234.0,212.0,238.0,206.0,218.0,222.0,204.0,218.0,214.0,210.0,204.0,206.0,224.0,218.0,212.0,216.0,204.0,240.0,226.0,238.0,224.0,228.0,230.0,236.0,226.0,232.0,244.0,234.0,250.0,266.0,260.0,248.0,238.0,258.0,250.0,232.0,238.0,234.0,224.0,234.0,220.0,228.0,212.0,218.0,222.0,234.0,210.0,212.0,226.0,228.0,222.0,224.0,240.0,226.0,228.0,232.0,226.0,236.0,228.0,238.0,200.0,228.0,220.0,214.0,224.0,216.0,230.0,232.0,236.0,226.0,220.0,228.0,216.0,218.0,248.0,234.0,216.0,236.0,252.0,224.0,244.0,208.0,240.0,228.0,232.0,238.0,238.0,218.0,242.0,236.0,238.0,234.0,242.0,232.0,222.0,236.0,230.0,256.0,244.0,236.0,234.0,218.0,248.0,254.0,240.0,244.0,236.0,232.0,224.0,244.0,238.0,254.0,266.0,244.0,218.0,252.0,230.0,220.0,246.0,240.0,246.0,260.0,220.0,256.0,242.0,258.0,248.0,234.0,252.0,232.0,264.0,234.0,232.0,240.0,232.0,242.0,260.0,252.0,236.0,262.0,244.0,246.0,252.0,236.0,240.0,232.0,242.0,248.0,238.0,248.0,244.0,242.0,256.0,252.0,244.0,258.0,246.0,246.0,234.0,258.0,254.0,236.0,264.0,248.0,244.0,268.0,264.0,256.0,244.0,244.0,276.0,268.0,286.0,258.0,272.0,272.0,254.0,250.0,250.0,250.0,258.0,262.0,276.0,264.0,256.0,266.0,242.0,258.0,266.0,286.0,258.0,288.0,274.0,262.0,246.0,262.0,254.0,266.0,270.0,276.0,270.0,280.0,272.0,250.0,278.0,288.0,272.0,268.0,270.0,258.0,294.0,248.0,243.0,238.0,278.0,272.0,264.0,268.0,252.0,264.0,246.0,274.0,268.0,262.0,274.0,276.0,256.0,278.0,276.0,276.0,278.0,266.0,286.0,268.0,284.0,268.0,270.0,280.0,268.0,268.0,306.0,266.0,270.0,288.0,274.0,250.0,276.0,272.0,274.0,270.0,276.0,278.0,274.0,288.0,278.0,278.0,258.0,258.0,286.0,280.0,264.0,280.0,284.0,262.0,278.0,284.0,280.0,280.0,268.0,272.0,284.0,288.0,276.0,294.0,304.0,292.0,280.0,280.0,258.0,294.0,290.0,264.0,294.0,284.0,270.0,292.0,290.0,294.0,288.0,298.0,280.0,292.0,288.0,290.0,296.0,288.0,282.0,282.0,280.0,286.0,282.0,286.0,270.0,296.0,292.0,300.0,284.0,280.0,298.0,306.0,288.0,294.0,308.0,296.0,316.0,286.0,306.0,280.0,292.0,284.0,284.0,306.0,308.0,290.0,296.0,304.0,296.0,278.0,282.0,276.0,282.0,304.0,320.0,294.0,312.0,318.0,294.0,288.0,278.0,282.0,292.0,284.0,286.0,294.0,314.0,292.0,296.0,288.0,292.0,280.0,272.0,310.0,298.0,298.0,298.0,302.0,316.0,290.0,316.0,304.0,304.0,312.0,302.0,288.0,304.0,340.0,328.0,312.0,306.0,298.0,284.0,306.0,306.0,306.0,276.0,310.0,316.0,300.0,294.0,290.0,298.0,312.0,302.0,308.0,304.0,296.0,296.0,310.0,280.0,298.0,302.0,296.0,304.0,320.0,314.0,310.0,314.0,312.0,310.0,298.0,306.0,316.0,314.0,298.0,320.0,334.0,300.0,302.0,316.0,316.0,330.0,312.0,310.0,312.0,294.0,314.0,298.0,308.0,300.0,302.0,306.0,320.0,314.0,324.0,328.0,324.0,330.0,302.0,312.0,304.0,310.0,306.0,310.0,334.0,342.0,312.0,314.0,314.0,312.0,324.0,324.0,336.0,296.0,300.0,316.0,322.0,316.0,320.0,312.0,324.0,322.0,316.0,308.0,300.0,318.0,312.0,302.0,318.0,306.0,312.0,314.0,342.0,322.0,302.0,316.0,326.0,326.0,322.0,320.0,340.0,324.0,338.0,332.0,314.0,306.0,320.0,310.0,326.0,322.0,324.0,316.0,334.0,340.0,336.0,326.0,302.0,350.0,314.0,326.0,296.0,310.0,332.0,320.0,348.0,320.0,342.0,322.0,330.0,324.0,328.0,334.0,316.0,336.0,338.0,308.0,314.0,340.0,342.0,326.0,336.0,336.0,316.0,334.0,302.0,312.0,322.0,324.0,326.0,332.0,324.0,332.0,320.0,322.0,324.0,338.0,340.0,316.0,332.0,318.0,338.0,324.0,364.0,354.0,298.0,348.0,324.0,360.0,360.0,324.0,332.0,326.0,346.0,314.0,340.0,344.0,342.0,314.0,350.0,362.0,304.0,326.0,332.0,336.0,342.0,334.0,338.0,340.0,326.0,354.0,354.0,334.0,334.0,340.0,360.0,334.0,334.0,332.0,322.0,334.0,324.0,332.0,344.0,330.0,356.0,346.0,332.0,354.0,346.0
0.0,6.23962,180.0,172.0,194.0,188.0,182.0,200.0,174.0,196.0,180.0,194.0,180.0,200.0,192.0,204.0,182.0,188.0,182.0,182.0,222.0,214.0,210.0,208.0,236.0,210.0,210.0,212.0,232.0,226.0,222.0,220.0,224.0,190.0,212.0,212.0,198.0,198.0,214.0,194.0,216.0,204.0,208.0,190.0,212.0,200.0,202.0,202.0,208.0,218.0,200.0,206.0,212.0,218.0,218.0,218.0,222.0,216.0,220.0,222.0,218.0,224.0,246.0,234.0,228.0,224.0,214.0,210.0,226.0,222.0,222.0,214.0,202.0,224.0,214.0,200.0,216.0,204.0,244.0,204.0,230.0,226.0,236.0,202.0,214.0,206.0,206.0,236.0,224.0,222.0,244.0,212.0,220.0,216.0,232.0,190.0,232.0,208.0,202.0,222.0,194.0,234.0,224.0,218.0,220.0,224.0,228.0,212.0,216.0,228.0,230.0,226.0,192.0,202.0,220.0,218.0,214.0,212.0,200.0,218.0,228.0,260.0,216.0,224.0,228.0,224.0,236.0,244.0,228.0,238.0,222.0,224.0,228.0,234.0,268.0,262.0,256.0,246.0,260.0,252.0,240.0,234.0,206.0,216.0,242.0,220.0,224.0,226.0,242.0,232.0,222.0,230.0,226.0,222.0,228.0,220.0,226.0,242.0,214.0,212.0,244.0,228.0,228.0,238.0,250.0,230.0,236.0,230.0,224.0,228.0,212.0,220.0,238.0,236.0,220.0,240.0,244.0,222.0,224.0,214.0,234.0,246.0,224.0,222.0,234.0,232.0,250.0,230.0,256.0,216.0,224.0,228.0,224.0,242.0,234.0,238.0,232.0,226.0,244.0,244.0,236.0,230.0,244.0,218.0,236.0,236.0,232.0,216.0,234.0,250.0,218.0,252.0,228.0,228.0,226.0,248.0,238.0,270.0,226.0,240.0,230.0,236.0,240.0,228.0,244.0,228.0,256.0,222.0,246.0,238.0,236.0,242.0,242.0,244.0,228.0,244.0,232.0,244.0,242.0,236.0,236.0,250.0,250.0,236.0,242.0,252.0,236.0,252.0,246.0,236.0,238.0,268.0,254.0,240.0,250.0,234.0,238.0,264.0,252.0,254.0,252.0,240.0,258.0,232.0,242.0,238.0,256.0,214.0,256.0,264.0,244.0,254.0,248.0,252.0,254.0,258.0,240.0,242.0,252.0,262.0,244.0,262.0,236.0,282.0,250.0,262.0,234.0,246.0,258.0,254.0,274.0,240.0,276.0,282.0,248.0,254.0,244.0,274.0,264.0,266.0,244.0,264.0,240.0,280.0,264.0,264.0,296.0,262.0,278.0,278.0,272.0,276.0,290.0,258.0,256.0,250.0,268.0,277.0,286.0,262.0,274.0,274.0,274.0,262.0,284.0,266.0,274.0,276.0,266.0,276.0,252.0,272.0,270.0,264.0,258.0,264.0,268.0,274.0,264.0,262.0,276.0,262.0,288.0,284.0,276.0,260.0,274.0,242.0,280.0,270.0,274.0,286.0,290.0,276.0,274.0,294.0,292.0,272.0,278.0,296.0,254.0,280.0,282.0,268.0,274.0,280.0,294.0,276.0,286.0,296.0,280.0,264.0,280.0,292.0,278.0,262.0,296.0,302.0,288.0,280.0,264.0,270.0,306.0,270.0,284.0,264.0,282.0,288.0,284.0,282.0,290.0,292.0,270.0,266.0,304.0,280.0,286.0,280.0,272.0,294.0,286.0,272.0,262.0,294.0,278.0,284.0,302.0,292.0,300.0,266.0,272.0,298.0,288.0,298.0,286.0,282.0,292.0,284.0,288.0,292.0,284.0,296.0,286.0,306.0,272.0,286.0,296.0,314.0,308.0,298.0,282.0,286.0,302.0,306.0,278.0,290.0,300.0,280.0,292.0,276.0,300.0,304.0,294.0,310.0,298.0,298.0,288.0,294.0,276.0,304.0,298.0,278.0,284.0,296.0,322.0,314.0,286.0,296.0,306.0,278.0,288.0,306.0,298.0,294.0,296.0,312.0,304.0,320.0,308.0,290.0,310.0,304.0,298.0,334.0,310.0,296.0,298.0,302.0,290.0,314.0,314.0,278.0,288.0,310.0,322.0,280.0,278.0,292.0,320.0,302.0,302.0,310.0,286.0,304.0,316.0,292.0,298.0,308.0,300.0,300.0,326.0,312.0,312.0,282.0,302.0,288.0,306.0,330.0,304.0,306.0,300.0,326.0,298.0,298.0,312.0,310.0,320.0,316.0,326.0,326.0,322.0,322.0,326.0,316.0,308.0,332.0,320.0,308.0,308.0,314.0,292.0,308.0,316.0,316.0,302.0,304.0,316.0,328.0,314.0,326.0,320.0,300.0,320.0,286.0,294.0,320.0,308.0,326.0,324.0,320.0,318.0,336.0,342.0,318.0,320.0,280.0,316.0,322.0,328.0,344.0,318.0,330.0,300.0,312.0,306.0,330.0,316.0,336.0,314.0,318.0,320.0,338.0,314.0,302.0,310.0,314.0,300.0,326.0,328.0,304.0,342.0,314.0,314.0,296.0,302.0,334.0,312.0,322.0,304.0,306.0,334.0,346.0,340.0,324.0,338.0,330.0,314.0,318.0,322.0,338.0,348.0,318.0,320.0,320.0,310.0,340.0,334.0,346.0,328.0,312.0,322.0,322.0,300.0,326.0,340.0,334.0,306.0,308.0,332.0,336.0,344.0,338.0,330.0,302.0,342.0,326.0,324.0,332.0,324.0,338.0,320.0,332.0,324.0,324.0,332.0,328.0,314.0,338.0,338.0,330.0,360.0,334.0,316.0,326.0,332.0,322.0,364.0,344.0,332.0,328.0,336.0,344.0,324.0,334.0,340.0,332.0,336.0,358.0,340.0,342.0,342.0,340.0,342.0,334.0,332.0,316.0,314.0,348.0,336.0,312.0,338.0,340.0,346.0,338.0,360.0,332.0,346.0,352.0,336.0,346.0,356.0,348.0,368.0
0.0,7.799523000000001,178.0,174.0,176.0,172.0,178.0,154.0,166.0,172.0,170.0,182.0,160.0,186.0,176.0,168.0,174.0,170.0,184.0,194.0,188.0,192.0,198.0,200.0,206.0,204.0,196.0,200.0,180.0,186.0,198.0,200.0,194.0,196.0,200.0,206.0,186.0,202.0,184.0,194.0,192.0,190.0,194.0,192.0,194.0,176.0,194.0,176.0,198.0,196.0,190.0,203.0,216.0,186.0,192.0,194.0,206.0,218.0,188.0,202.0,188.0,188.0,210.0,210.0,198.0,200.0,200.0,190.0,196.0,196.0,180.0,192.0,208.0,192.0,192.0,198.0,216.0,200.0,220.0,212.0,214.0,196.0,198.0,196.0,214.0,190.0,204.0,224.0,210.0,194.0,208.0,206.0,206.0,204.0,224.0,196.0,206.0,192.0,208.0,196.0,198.0,198.0,200.0,200.0,200.0,192.0,200.0,186.0,218.0,208.0,184.0,180.0,226.0,198.0,194.0,214.0,196.0,180.0,216.0,200.0,210.0,212.0,206.0,192.0,212.0,220.0,214.0,224.0,214.0,194.0,212.0,210.0,210.0,232.0,196.0,238.0,228.0,222.0,222.0,278.0,286.0,242.0,226.0,202.0,220.0,216.0,200.0,192.0,204.0,200.0,204.0,206.0,220.0,230.0,202.0,198.0,200.0,202.0,200.0,198.0,206.0,210.0,206.0,186.0,204.0,200.0,200.0,186.0,210.0,218.0,212.0,204.0,226.0,216.0,196.0,212.0,228.0,214.0,212.0,212.0,204.0,198.0,220.0,212.0,228.0,220.0,196.0,232.0,210.0,218.0,196.0,210.0,218.0,230.0,222.0,196.0,224.0,214.0,220.0,216.0,214.0,212.0,212.0,224.0,200.0,216.0,200.0,210.0,224.0,212.0,214.0,218.0,230.0,212.0,212.0,218.0,226.0,218.0,208.0,226.0,220.0,208.0,212.0,218.0,218.0,210.0,236.0,228.0,216.0,220.0,220.0,244.0,218.0,214.0,234.0,228.0,224.0,208.0,224.0,216.0,234.0,226.0,216.0,210.0,228.0,196.0,224.0,230.0,230.0,232.0,212.0,214.0,236.0,224.0,244.0,236.0,226.0,228.0,230.0,226.0,238.0,226.0,224.0,234.0,222.0,236.0,234.0,248.0,222.0,236.0,224.0,228.0,220.0,238.0,232.0,226.0,226.0,252.0,238.0,222.0,204.0,232.0,234.0,254.0,234.0,240.0,214.0,242.0,222.0,240.0,216.0,254.0,228.0,234.0,226.0,240.0,248.0,244.0,224.0,256.0,252.0,230.0,250.0,226.0,252.0,234.0,258.0,260.0,250.0,248.0,230.0,254.0,236.0,226.0,246.0,246.0,256.0,248.0,240.0,260.0,248.0,260.0,246.0,246.0,254.0,256.0,254.0,240.0,248.0,230.0,240.0,274.0,256.0,254.0,264.0,246.0,266.0,246.0,262.0,268.0,230.0,252.0,248.0,236.0,254.0,246.0,250.0,258.0,232.0,254.0,260.0,284.0,254.0,242.0,268.0,236.0,230.0,224.0,262.0,256.0,216.0,270.0,258.0,276.0,256.0,268.0,244.0,236.0,272.0,264.0,246.0,276.0,266.0,264.0,268.0,262.0,262.0,264.0,262.0,270.0,262.0,286.0,266.0,262.0,286.0,268.0,274.0,266.0,278.0,256.0,252.0,268.0,250.0,250.0,280.0,276.0,268.0,262.0,260.0,258.0,264.0,256.0,274.0,252.0,278.0,248.0,264.0,268.0,258.0,270.0,274.0,248.0,258.0,262.0,274.0,258.0,266.0,272.0,270.0,260.0,274.0,274.0,292.0,274.0,266.0,272.0,250.0,264.0,290.0,272.0,280.0,246.0,278.0,272.0,280.0,278.0,244.0,258.0,280.0,296.0,266.0,272.0,252.0,256.0,284.0,246.0,282.0,278.0,270.0,264.0,262.0,272.0,278.0,274.0,260.0,262.0,274.0,250.0,272.0,268.0,278.0,274.0,262.0,274.0,260.0,282.0,292.0,278.0,274.0,282.0,290.0,298.0,272.0,284.0,294.0,286.0,278.0,300.0,262.0,282.0,264.0,292.0,276.0,288.0,290.0,284.0,270.0,286.0,282.0,298.0,290.0,250.0,298.0,276.0,298.0,288.0,280.0,272.0,284.0,280.0,282.0,294.0,294.0,282.0,272.0,280.0,304.0,294.0,292.0,274.0,284.0,308.0,276.0,290.0,284.0,294.0,306.0,298.0,312.0,286.0,294.0,304.0,308.0,308.0,280.0,306.0,276.0,288.0,302.0,288.0,318.0,294.0,296.0,292.0,284.0,278.0,304.0,298.0,302.0,278.0,284.0,296.0,298.0,290.0,280.0,298.0,314.0,300.0,288.0,318.0,280.0,298.0,278.0,312.0,288.0,292.0,288.0,312.0,296.0,304.0,296.0,290.0,312.0,292.0,300.0,296.0,298.0,310.0,296.0,290.0,290.0,306.0,278.0,292.0,306.0,292.0,304.0,302.0,310.0,272.0,300.0,308.0,302.0,308.0,292.0,312.0,296.0,304.0,296.0,292.0,292.0,294.0,292.0,274.0,310.0,292.0,306.0,298.0,314.0,322.0,320.0,320.0,306.0,304.0,312.0,320.0,304.0,292.0,304.0,294.0,314.0,300.0,300.0,306.0,296.0,290.0,292.0,296.0,282.0,300.0,314.0,298.0,282.0,296.0,308.0,302.0,298.0,314.0,298.0,302.0,296.0,292.0,328.0,326.0,310.0,308.0,310.0,298.0,306.0,318.0,324.0,316.0,318.0,290.0,298.0,296.0,348.0,300.0,300.0,320.0,314.0,302.0,332.0,346.0,318.0,302.0,320.0,324.0,316.0,320.0,298.0,314.0,316.0,306.0,306.0,312.0,326.0,330.0,304.0,308.0,316.0,324.0,322.0,304.0,324.0,344.0,326.0,326.0,320.0,326.0,310.0,302.0,300.0
0.0,9.35943,164.0,172.0,164.0,162.0,154.0,146.0,172.0,160.0,158.0,160.0,174.0,158.0,170.0,178.0,164.0,176.0,180.0,186.0,172.0,180.0,178.0,198.0,198.0,190.0,182.0,198.0,196.0,208.0,206.0,198.0,192.0,210.0,184.0,186.0,192.0,180.0,188.0,192.0,200.0,194.0,184.0,206.0,170.0,164.0,188.0,174.0,182.0,180.0,188.0,189.0,190.0,196.0,192.0,190.0,214.0,202.0,180.0,218.0,204.0,186.0,210.0,202.0,194.0,196.0,198.0,190.0,194.0,212.0,196.0,188.0,200.0,186.0,190.0,182.0,190.0,192.0,180.0,198.0,190.0,196.0,196.0,210.0,194.0,200.0,194.0,198.0,202.0,210.0,198.0,200.0,218.0,202.0,204.0,194.0,188.0,208.0,216.0,198.0,192.0,198.0,182.0,202.0,202.0,204.0,184.0,194.0,212.0,210.0,200.0,182.0,182.0,194.0,188.0,198.0,204.0,182.0,214.0,194.0,212.0,192.0,192.0,204.0,208.0,204.0,200.0,176.0,218.0,210.0,202.0,222.0,230.0,218.0,238.0,226.0,236.0,236.0,214.0,214.0,204.0,212.0,222.0,214.0,212.0,194.0,192.0,184.0,192.0,204.0,194.0,206.0,188.0,196.0,218.0,206.0,206.0,208.0,186.0,204.0,194.0,220.0,226.0,194.0,194.0,210.0,208.0,208.0,212.0,208.0,198.0,194.0,202.0,196.0,208.0,204.0,202.0,206.0,202.0,202.0,202.0,204.0,218.0,192.0,212.0,222.0,212.0,214.0,208.0,206.0,206.0,222.0,214.0,214.0,214.0,200.0,208.0,206.0,216.0,198.0,206.0,218.0,218.0,214.0,212.0,196.0,204.0,228.0,210.0,210.0,214.0,228.0,212.0,212.0,210.0,212.0,202.0,212.0,206.0,198.0,198.0,212.0,198.0,206.0,230.0,208.0,216.0,248.0,216.0,226.0,228.0,208.0,208.0,228.0,226.0,204.0,226.0,194.0,220.0,240.0,222.0,212.0,220.0,210.0,224.0,236.0,208.0,216.0,244.0,218.0,214.0,234.0,226.0,212.0,220.0,210.0,232.0,214.0,216.0,226.0,226.0,218.0,220.0,230.0,226.0,212.0,228.0,208.0,228.0,230.0,224.0,238.0,236.0,224.0,226.0,224.0,236.0,240.0,230.0,222.0,256.0,220.0,252.0,230.0,216.0,238.0,222.0,230.0,238.0,224.0,234.0,234.0,218.0,222.0,224.0,234.0,214.0,230.0,244.0,222.0,226.0,238.0,232.0,252.0,242.0,236.0,250.0,236.0,240.0,254.0,242.0,238.0,274.0,228.0,246.0,242.0,250.0,248.0,246.0,224.0,248.0,248.0,234.0,246.0,242.0,230.0,268.0,236.0,252.0,254.0,226.0,250.0,234.0,240.0,254.0,232.0,236.0,226.0,224.0,248.0,244.0,226.0,252.0,238.0,236.0,234.0,242.0,252.0,234.0,248.0,254.0,244.0,254.0,232.0,234.0,246.0,258.0,260.0,258.0,238.0,250.0,252.0,266.0,272.0,254.0,266.0,242.0,252.0,246.0,242.0,254.0,260.0,248.0,260.0,250.0,270.0,272.0,236.0,252.0,264.0,284.0,278.0,268.0,248.0,250.0,266.0,258.0,274.0,254.0,256.0,238.0,270.0,274.0,254.0,268.0,264.0,270.0,272.0,266.0,250.0,248.0,274.0,258.0,254.0,248.0,246.0,250.0,250.0,266.0,244.0,254.0,268.0,264.0,240.0,258.0,270.0,272.0,286.0,264.0,240.0,266.0,298.0,270.0,278.0,254.0,268.0,258.0,274.0,250.0,294.0,266.0,250.0,282.0,268.0,280.0,250.0,284.0,280.0,286.0,268.0,282.0,268.0,274.0,264.0,256.0,258.0,268.0,268.0,262.0,258.0,274.0,260.0,262.0,270.0,244.0,260.0,258.0,264.0,280.0,274.0,274.0,274.0,278.0,264.0,274.0,254.0,266.0,290.0,276.0,282.0,282.0,292.0,286.0,268.0,292.0,288.0,308.0,276.0,258.0,272.0,260.0,282.0,276.0,258.0,266.0,268.0,268.0,266.0,278.0,286.0,288.0,252.0,260.0,288.0,270.0,266.0,276.0,298.0,272.0,274.0,282.0,288.0,296.0,282.0,278.0,270.0,284.0,286.0,286.0,294.0,274.0,288.0,278.0,276.0,270.0,276.0,286.0,294.0,276.0,282.0,272.0,290.0,264.0,272.0,266.0,286.0,280.0,270.0,278.0,282.0,280.0,278.0,270.0,268.0,278.0,280.0,298.0,270.0,280.0,272.0,296.0,280.0,270.0,276.0,294.0,280.0,292.0,280.0,270.0,286.0,284.0,290.0,266.0,262.0,282.0,282.0,274.0,272.0,266.0,298.0,288.0,286.0,272.0,280.0,262.0,282.0,276.0,292.0,290.0,272.0,286.0,282.0,306.0,266.0,284.0,278.0,290.0,276.0,284.0,278.0,308.0,298.0,292.0,282.0,288.0,302.0,278.0,282.0,298.0,286.0,290.0,296.0,286.0,298.0,292.0,292.0,272.0,288.0,296.0,294.0,274.0,298.0,302.0,326.0,300.0,300.0,308.0,288.0,268.0,298.0,302.0,302.0,252.0,296.0,280.0,302.0,284.0,304.0,302.0,298.0,284.0,310.0,296.0,290.0,290.0,294.0,290.0,288.0,272.0,296.0,288.0,306.0,320.0,278.0,300.0,286.0,296.0,296.0,304.0,292.0,294.0,302.0,322.0,284.0,298.0,294.0,290.0,294.0,312.0,298.0,314.0,302.0,312.0,284.0,302.0,316.0,300.0,322.0,282.0,314.0,278.0,318.0,306.0,304.0,308.0,288.0,280.0,312.0,308.0,304.0,298.0,300.0,300.0,300.0,320.0,306.0,294.0,298.0,308.0,310.0,302.0,294.0,280.0
0.0,10.91933,166.0,172.0,162.0,164.0,170.0,148.0,180.0,174.0,172.0,148.0,172.0,160.0,164.0,170.0,152.0,172.0,172.0,178.0,186.0,182.0,184.0,174.0,178.0,192.0,192.0,200.0,202.0,188.0,192.0,186.0,192.0,198.0,186.0,184.0,182.0,186.0,166.0,184.0,186.0,172.0,182.0,178.0,184.0,168.0,172.0,184.0,186.0,192.0,168.0,175.0,182.0,196.0,182.0,196.0,198.0,198.0,196.0,202.0,190.0,192.0,206.0,180.0,192.0,190.0,204.0,186.0,194.0,192.0,190.0,192.0,168.0,182.0,190.0,186.0,188.0,180.0,196.0,198.0,176.0,196.0,178.0,196.0,190.0,212.0,204.0,200.0,194.0,196.0,202.0,202.0,202.0,200.0,204.0,190.0,206.0,190.0,194.0,186.0,194.0,190.0,178.0,198.0,178.0,184.0,196.0,196.0,192.0,204.0,176.0,182.0,196.0,170.0,190.0,190.0,200.0,190.0,200.0,190.0,182.0,176.0,204.0,190.0,184.0,198.0,206.0,194.0,192.0,202.0,202.0,200.0,208.0,214.0,220.0,220.0,222.0,238.0,200.0,216.0,182.0,184.0,208.0,178.0,198.0,188.0,194.0,184.0,194.0,188.0,188.0,192.0,182.0,202.0,204.0,196.0,196.0,210.0,186.0,218.0,202.0,188.0,190.0,174.0,180.0,194.0,190.0,176.0,208.0,198.0,206.0,184.0,198.0,190.0,186.0,200.0,198.0,190.0,192.0,186.0,196.0,190.0,192.0,204.0,196.0,214.0,198.0,200.0,190.0,198.0,210.0,204.0,218.0,212.0,222.0,206.0,204.0,204.0,200.0,202.0,190.0,190.0,182.0,194.0,186.0,208.0,196.0,222.0,186.0,184.0,208.0,206.0,206.0,190.0,212.0,216.0,202.0,196.0,194.0,198.0,202.0,220.0,204.0,216.0,206.0,206.0,206.0,208.0,200.0,210.0,212.0,202.0,202.0,208.0,194.0,200.0,202.0,188.0,196.0,198.0,206.0,214.0,214.0,198.0,202.0,206.0,206.0,204.0,218.0,208.0,224.0,206.0,190.0,198.0,206.0,204.0,212.0,198.0,204.0,198.0,206.0,228.0,222.0,196.0,208.0,200.0,212.0,228.0,212.0,214.0,204.0,206.0,240.0,206.0,224.0,204.0,200.0,198.0,210.0,212.0,192.0,218.0,206.0,228.0,210.0,210.0,204.0,202.0,202.0,214.0,222.0,230.0,208.0,216.0,214.0,222.0,224.0,204.0,224.0,206.0,214.0,206.0,212.0,224.0,240.0,240.0,238.0,218.0,222.0,202.0,230.0,228.0,210.0,220.0,230.0,224.0,214.0,216.0,218.0,214.0,212.0,226.0,226.0,228.0,228.0,238.0,226.0,234.0,224.0,206.0,230.0,214.0,220.0,218.0,214.0,230.0,232.0,218.0,214.0,230.0,228.0,232.0,224.0,236.0,228.0,202.0,248.0,226.0,236.0,218.0,214.0,224.0,232.0,238.0,244.0,234.0,230.0,220.0,214.0,230.0,240.0,230.0,226.0,232.0,234.0,244.0,236.0,216.0,242.0,214.0,228.0,224.0,248.0,246.0,242.0,236.0,238.0,222.0,242.0,238.0,228.0,232.0,234.0,240.0,252.0,246.0,234.0,226.0,220.0,250.0,230.0,256.0,242.0,232.0,236.0,232.0,238.0,244.0,230.0,242.0,248.0,230.0,228.0,226.0,238.0,240.0,234.0,220.0,236.0,242.0,234.0,252.0,240.0,258.0,250.0,234.0,234.0,232.0,230.0,244.0,240.0,240.0,236.0,234.0,246.0,246.0,230.0,256.0,234.0,230.0,246.0,242.0,252.0,246.0,240.0,248.0,258.0,240.0,242.0,230.0,232.0,250.0,230.0,242.0,238.0,244.0,228.0,220.0,254.0,250.0,218.0,252.0,234.0,252.0,242.0,258.0,234.0,250.0,264.0,214.0,262.0,230.0,224.0,234.0,256.0,236.0,262.0,256.0,264.0,248.0,262.0,248.0,258.0,234.0,274.0,250.0,238.0,260.0,264.0,248.0,242.0,246.0,240.0,230.0,248.0,250.0,248.0,236.0,250.0,252.0,248.0,234.0,244.0,238.0,250.0,252.0,244.0,266.0,240.0,258.0,242.0,240.0,278.0,252.0,260.0,264.0,230.0,282.0,224.0,252.0,254.0,246.0,258.0,250.0,224.0,256.0,242.0,256.0,250.0,260.0,258.0,262.0,236.0,250.0,266.0,260.0,260.0,250.0,250.0,250.0,274.0,248.0,250.0,256.0,254.0,252.0,272.0,262.0,254.0,250.0,248.0,266.0,242.0,260.0,268.0,250.0,244.0,256.0,250.0,260.0,228.0,246.0,240.0,266.0,256.0,266.0,272.0,278.0,248.0,256.0,252.0,240.0,238.0,260.0,248.0,266.0,240.0,270.0,250.0,250.0,264.0,240.0,268.0,252.0,250.0,244.0,250.0,256.0,256.0,248.0,248.0,248.0,256.0,262.0,262.0,260.0,270.0,248.0,278.0,256.0,258.0,298.0,274.0,276.0,268.0,272.0,262.0,262.0,278.0,262.0,256.0,262.0,282.0,254.0,252.0,252.0,266.0,272.0,276.0,260.0,254.0,238.0,262.0,270.0,268.0,262.0,262.0,254.0,280.0,278.0,270.0,258.0,282.0,236.0,262.0,250.0,250.0,268.0,254.0,250.0,268.0,254.0,278.0,256.0,258.0,270.0,276.0,260.0,266.0,252.0,258.0,238.0,272.0,262.0,262.0,256.0,274.0,272.0,264.0,276.0,272.0,298.0,234.0,248.0,270.0,274.0,274.0,272.0,252.0,262.0,268.0,258.0,264.0,258.0,256.0,268.0,284.0,268.0,240.0,254.0,288.0,278.0,278.0,248.0,288.0,266.0,276.0,262.0,256.0,252.0,272.0,254.0,278.0
0.0,12.479230000000001,238.0,212.0,238.0,226.0,240.0,240.0,248.0,242.0,220.0,236.0,240.0,222.0,230.0,232.0,228.0,218.0,244.0,256.0,244.0,264.0,232.0,268.0,262.0,274.0,272.0,240.0,250.0,270.0,242.0,272.0,248.0,260.0,266.0,244.0,270.0,290.0,260.0,240.0,244.0,246.0,268.0,256.0,258.0,272.0,244.0,270.0,256.0,276.0,252.0,255.0,258.0,276.0,262.0,262.0,262.0,262.0,270.0,258.0,276.0,284.0,288.0,290.0,270.0,248.0,268.0,270.0,288.0,262.0,252.0,268.0,278.0,268.0,252.0,266.0,264.0,288.0,252.0,272.0,284.0,276.0,282.0,280.0,290.0,250.0,268.0,278.0,260.0,286.0,282.0,278.0,260.0,282.0,266.0,274.0,260.0,284.0,290.0,276.0,282.0,254.0,274.0,272.0,252.0,262.0,278.0,282.0,286.0,270.0,288.0,274.0,280.0,266.0,266.0,270.0,268.0,288.0,276.0,246.0,264.0,286.0,266.0,266.0,292.0,294.0,284.0,288.0,276.0,276.0,288.0,290.0,298.0,312.0,284.0,320.0,322.0,298.0,322.0,292.0,294.0,286.0,276.0,284.0,292.0,282.0,280.0,258.0,290.0,282.0,276.0,282.0,272.0,300.0,278.0,292.0,284.0,278.0,270.0,314.0,290.0,252.0,298.0,300.0,314.0,270.0,274.0,284.0,300.0,292.0,288.0,280.0,282.0,246.0,282.0,270.0,296.0,270.0,286.0,290.0,292.0,294.0,294.0,290.0,300.0,316.0,278.0,298.0,284.0,294.0,290.0,306.0,278.0,298.0,286.0,302.0,284.0,272.0,274.0,296.0,292.0,298.0,304.0,278.0,276.0,278.0,264.0,308.0,286.0,262.0,274.0,298.0,288.0,282.0,306.0,294.0,290.0,304.0,284.0,296.0,278.0,308.0,294.0,298.0,272.0,282.0,300.0,292.0,306.0,278.0,286.0,290.0,310.0,324.0,286.0,272.0,276.0,292.0,280.0,292.0,284.0,286.0,272.0,302.0,300.0,290.0,292.0,294.0,298.0,278.0,280.0,302.0,300.0,286.0,308.0,282.0,308.0,294.0,292.0,306.0,300.0,292.0,306.0,296.0,298.0,304.0,282.0,298.0,286.0,296.0,302.0,296.0,306.0,292.0,286.0,308.0,296.0,310.0,284.0,300.0,326.0,322.0,292.0,296.0,300.0,304.0,302.0,290.0,304.0,294.0,300.0,302.0,320.0,310.0,300.0,318.0,300.0,310.0,314.0,306.0,326.0,294.0,324.0,318.0,320.0,330.0,334.0,304.0,318.0,312.0,328.0,344.0,330.0,326.0,304.0,338.0,334.0,330.0,326.0,312.0,314.0,318.0,328.0,314.0,310.0,318.0,308.0,350.0,334.0,300.0,310.0,292.0,320.0,336.0,332.0,326.0,322.0,318.0,308.0,316.0,312.0,332.0,310.0,316.0,338.0,328.0,334.0,328.0,350.0,328.0,328.0,308.0,314.0,328.0,336.0,326.0,322.0,334.0,332.0,342.0,322.0,322.0,336.0,358.0,334.0,316.0,328.0,326.0,320.0,330.0,310.0,316.0,330.0,326.0,348.0,336.0,338.0,328.0,314.0,340.0,330.0,324.0,352.0,348.0,354.0,342.0,320.0,312.0,344.0,328.0,350.0,344.0,308.0,338.0,318.0,344.0,338.0,340.0,330.0,330.0,310.0,356.0,334.0,350.0,374.0,314.0,330.0,342.0,334.0,348.0,352.0,332.0,340.0,332.0,320.0,330.0,340.0,330.0,368.0,350.0,340.0,352.0,344.0,330.0,356.0,352.0,332.0,346.0,344.0,332.0,364.0,328.0,364.0,344.0,346.0,360.0,370.0,366.0,350.0,368.0,340.0,350.0,338.0,362.0,326.0,326.0,336.0,342.0,350.0,368.0,356.0,354.0,338.0,366.0,350.0,342.0,348.0,364.0,366.0,322.0,368.0,372.0,370.0,344.0,334.0,314.0,356.0,386.0,340.0,352.0,382.0,356.0,342.0,344.0,370.0,352.0,376.0,386.0,358.0,350.0,364.0,352.0,320.0,360.0,346.0,342.0,362.0,356.0,336.0,370.0,342.0,356.0,350.0,346.0,356.0,336.0,378.0,336.0,370.0,370.0,352.0,352.0,364.0,360.0,362.0,356.0,356.0,342.0,368.0,340.0,376.0,350.0,350.0,364.0,372.0,374.0,358.0,350.0,364.0,344.0,364.0,368.0,366.0,370.0,376.0,354.0,364.0,354.0,346.0,356.0,384.0,350.0,372.0,362.0,358.0,340.0,374.0,366.0,344.0,376.0,354.0,368.0,354.0,342.0,368.0,374.0,394.0,362.0,386.0,350.0,348.0,362.0,356.0,358.0,352.0,364.0,370.0,370.0,368.0,382.0,356.0,364.0,346.0,364.0,362.0,366.0,364.0,360.0,366.0,352.0,344.0,382.0,356.0,376.0,376.0,348.0,366.0,362.0,376.0,344.0,380.0,382.0,354.0,348.0,342.0,376.0,370.0,352.0,314.0,344.0,370.0,362.0,388.0,358.0,366.0,376.0,368.0,344.0,374.0,378.0,354.0,382.0,384.0,388.0,350.0,380.0,408.0,378.0,378.0,354.0,380.0,358.0,372.0,354.0,364.0,364.0,338.0,362.0,372.0,350.0,380.0,386.0,358.0,356.0,384.0,374.0,388.0,362.0,342.0,328.0,374.0,346.0,368.0,370.0,354.0,350.0,376.0,350.0,362.0,370.0,372.0,380.0,394.0,354.0,382.0,378.0,374.0,360.0,336.0,370.0,362.0,378.0,374.0,358.0,386.0,370.0,360.0,382.0,408.0,376.0,390.0,366.0,362.0,376.0,382.0,408.0,374.0,398.0,352.0,390.0,390.0,350.0,366.0,378.0,366.0,388.0,368.0,380.0,400.0,366.0,370.0,382.0,356.0
0.0,14.03914,262.0,240.0,242.0,266.0,256.0,246.0,258.0,256.0,244.0,228.0,278.0,264.0,260.0,266.0,246.0,258.0,264.0,280.0,270.0,286.0,304.0,256.0,288.0,290.0,274.0,292.0,286.0,312.0,266.0,280.0,296.0,304.0,288.0,302.0,268.0,284.0,292.0,252.0,286.0,288.0,292.0,284.0,260.0,286.0,272.0,298.0,284.0,306.0,274.0,272.0,270.0,292.0,296.0,286.0,288.0,326.0,282.0,300.0,292.0,316.0,306.0,314.0,300.0,298.0,284.0,284.0,304.0,290.0,286.0,284.0,296.0,300.0,304.0,274.0,294.0,312.0,304.0,300.0,266.0,286.0,282.0,296.0,278.0,314.0,290.0,298.0,308.0,308.0,300.0,310.0,284.0,302.0,294.0,292.0,292.0,304.0,294.0,284.0,284.0,284.0,300.0,294.0,280.0,302.0,318.0,288.0,282.0,292.0,314.0,292.0,282.0,298.0,314.0,310.0,288.0,290.0,310.0,300.0,304.0,300.0,296.0,306.0,308.0,326.0,314.0,326.0,326.0,294.0,332.0,314.0,314.0,346.0,346.0,346.0,364.0,358.0,338.0,332.0,320.0,290.0,312.0,330.0,304.0,324.0,306.0,310.0,324.0,302.0,324.0,316.0,318.0,306.0,312.0,310.0,296.0,314.0,308.0,316.0,318.0,308.0,290.0,322.0,316.0,286.0,294.0,318.0,322.0,326.0,302.0,310.0,276.0,298.0,302.0,320.0,306.0,324.0,296.0,308.0,312.0,328.0,338.0,318.0,322.0,322.0,324.0,338.0,326.0,298.0,312.0,338.0,306.0,318.0,316.0,324.0,314.0,312.0,320.0,336.0,314.0,304.0,302.0,296.0,340.0,302.0,316.0,322.0,312.0,344.0,318.0,312.0,304.0,324.0,334.0,326.0,334.0,342.0,320.0,312.0,338.0,322.0,320.0,342.0,326.0,326.0,326.0,322.0,308.0,348.0,334.0,324.0,322.0,316.0,308.0,344.0,326.0,320.0,332.0,320.0,336.0,336.0,322.0,314.0,320.0,310.0,310.0,312.0,330.0,324.0,344.0,330.0,354.0,336.0,350.0,344.0,328.0,342.0,324.0,348.0,344.0,322.0,332.0,322.0,320.0,328.0,348.0,368.0,322.0,346.0,348.0,316.0,332.0,318.0,346.0,362.0,350.0,312.0,338.0,324.0,334.0,348.0,336.0,330.0,334.0,366.0,350.0,330.0,342.0,340.0,370.0,346.0,348.0,328.0,350.0,350.0,344.0,338.0,344.0,346.0,352.0,354.0,338.0,346.0,346.0,352.0,346.0,378.0,334.0,372.0,352.0,370.0,358.0,368.0,358.0,372.0,350.0,356.0,362.0,368.0,370.0,332.0,350.0,360.0,328.0,338.0,338.0,350.0,352.0,354.0,380.0,336.0,344.0,364.0,342.0,346.0,362.0,322.0,334.0,356.0,352.0,356.0,352.0,368.0,358.0,356.0,354.0,364.0,376.0,370.0,366.0,344.0,368.0,336.0,376.0,364.0,348.0,374.0,370.0,352.0,366.0,356.0,352.0,380.0,368.0,350.0,376.0,364.0,370.0,368.0,378.0,360.0,382.0,354.0,366.0,396.0,380.0,364.0,406.0,376.0,378.0,368.0,362.0,372.0,378.0,372.0,382.0,374.0,380.0,374.0,392.0,370.0,370.0,350.0,382.0,364.0,380.0,372.0,384.0,388.0,356.0,374.0,378.0,350.0,354.0,372.0,358.0,382.0,384.0,382.0,394.0,370.0,374.0,374.0,372.0,372.0,380.0,378.0,388.0,386.0,384.0,374.0,372.0,398.0,396.0,374.0,380.0,390.0,398.0,386.0,372.0,352.0,380.0,372.0,366.0,392.0,400.0,388.0,380.0,364.0,380.0,360.0,408.0,376.0,370.0,378.0,366.0,364.0,384.0,376.0,388.0,396.0,392.0,382.0,402.0,384.0,386.0,364.0,378.0,362.0,382.0,356.0,378.0,402.0,364.0,398.0,406.0,354.0,422.0,404.0,388.0,406.0,400.0,396.0,384.0,390.0,400.0,410.0,400.0,406.0,350.0,400.0,396.0,378.0,406.0,380.0,384.0,388.0,386.0,396.0,402.0,408.0,394.0,400.0,376.0,386.0,384.0,380.0,380.0,386.0,418.0,390.0,410.0,406.0,422.0,390.0,412.0,420.0,414.0,392.0,404.0,392.0,402.0,394.0,408.0,420.0,396.0,430.0,396.0,426.0,400.0,416.0,430.0,394.0,390.0,412.0,394.0,406.0,410.0,398.0,400.0,418.0,396.0,376.0,402.0,392.0,426.0,414.0,402.0,404.0,398.0,402.0,418.0,418.0,386.0,382.0,414.0,392.0,406.0,396.0,372.0,400.0,416.0,400.0,406.0,408.0,418.0,388.0,414.0,404.0,424.0,408.0,398.0,378.0,394.0,394.0,396.0,398.0,382.0,360.0,404.0,384.0,398.0,392.0,430.0,410.0,390.0,396.0,384.0,380.0,402.0,420.0,392.0,398.0,412.0,416.0,416.0,402.0,396.0,392.0,404.0,430.0,404.0,418.0,406.0,426.0,402.0,418.0,450.0,388.0,414.0,388.0,412.0,420.0,396.0,410.0,396.0,418.0,396.0,406.0,394.0,406.0,428.0,404.0,418.0,412.0,412.0,382.0,368.0,398.0,402.0,396.0,392.0,426.0,404.0,406.0,420.0,402.0,412.0,394.0,410.0,440.0,408.0,394.0,398.0,408.0,408.0,426.0,410.0,426.0,404.0,398.0,406.0,420.0,426.0,420.0,424.0,406.0,420.0,400.0,406.0,434.0,412.0,414.0,426.0,412.0,408.0,418.0,428.0,414.0,410.0,406.0,404.0,404.0,430.0,428.0,396.0,410.0,422.0,440.0,424.0,412.0,422.0,416.0,414.0,426.0,410.0,430.0,428.0,468.0,428.0,434.0,410.0
1.5486900000000006,0.0,118.0,108.0,118.0,114.0,112.0,106.0,120.0,108.0,106.0,122.0,120.0,114.0,100.0,116.0,108.0,120.0,122.0,130.0,130.0,130.0,126.0,124.0,134.0,128.0,134.0,146.0,132.0,146.0,148.0,142.0,140.0,136.0,124.0,150.0,130.0,144.0,128.0,130.0,122.0,134.0,128.0,120.0,114.0,138.0,124.0,120.0,124.0,130.0,136.0,138.0,140.0,150.0,138.0,140.0,144.0,136.0,138.0,136.0,156.0,144.0,160.0,138.0,146.0,126.0,150.0,132.0,128.0,134.0,126.0,126.0,110.0,118.0,120.0,128.0,132.0,120.0,130.0,136.0,132.0,124.0,140.0,142.0,132.0,144.0,124.0,140.0,140.0,130.0,130.0,126.0,132.0,134.0,146.0,140.0,126.0,122.0,134.0,122.0,120.0,116.0,122.0,132.0,124.0,124.0,132.0,130.0,124.0,124.0,128.0,122.0,112.0,114.0,128.0,120.0,132.0,132.0,140.0,132.0,128.0,142.0,128.0,126.0,156.0,150.0,144.0,136.0,136.0,146.0,134.0,156.0,152.0,168.0,170.0,158.0,178.0,158.0,156.0,146.0,124.0,142.0,138.0,136.0,140.0,118.0,128.0,136.0,130.0,144.0,128.0,134.0,130.0,128.0,136.0,132.0,130.0,124.0,128.0,126.0,130.0,128.0,136.0,130.0,132.0,144.0,120.0,120.0,124.0,138.0,138.0,128.0,128.0,124.0,124.0,124.0,130.0,124.0,148.0,136.0,130.0,128.0,126.0,140.0,130.0,142.0,128.0,132.0,134.0,128.0,144.0,134.0,134.0,126.0,134.0,130.0,134.0,128.0,140.0,124.0,132.0,126.0,122.0,128.0,134.0,126.0,132.0,136.0,144.0,130.0,122.0,132.0,134.0,132.0,142.0,124.0,134.0,134.0,120.0,140.0,134.0,134.0,144.0,144.0,134.0,142.0,132.0,134.0,140.0,134.0,140.0,140.0,140.0,136.0,134.0,142.0,138.0,124.0,146.0,130.0,132.0,152.0,134.0,142.0,140.0,128.0,138.0,132.0,142.0,146.0,134.0,132.0,126.0,152.0,122.0,126.0,136.0,128.0,142.0,142.0,136.0,152.0,142.0,138.0,136.0,144.0,128.0,146.0,144.0,132.0,144.0,122.0,134.0,148.0,138.0,130.0,156.0,144.0,138.0,134.0,150.0,154.0,144.0,136.0,148.0,140.0,138.0,146.0,144.0,138.0,132.0,146.0,140.0,138.0,158.0,152.0,148.0,142.0,142.0,162.0,144.0,150.0,148.0,144.0,158.0,162.0,156.0,148.0,144.0,142.0,160.0,144.0,144.0,150.0,130.0,162.0,146.0,152.0,158.0,156.0,154.0,142.0,152.0,140.0,148.0,150.0,160.0,144.0,166.0,156.0,150.0,156.0,154.0,142.0,156.0,140.0,164.0,146.0,148.0,140.0,140.0,150.0,140.0,150.0,146.0,150.0,158.0,152.0,148.0,164.0,146.0,146.0,144.0,162.0,156.0,150.0,146.0,148.0,146.0,160.0,154.0,156.0,164.0,156.0,152.0,158.0,154.0,154.0,158.0,144.0,156.0,150.0,166.0,152.0,154.0,150.0,166.0,154.0,156.0,162.0,160.0,166.0,172.0,160.0,152.0,146.0,162.0,162.0,170.0,152.0,164.0,170.0,150.0,156.0,162.0,166.0,156.0,154.0,162.0,150.0,164.0,158.0,152.0,164.0,178.0,158.0,158.0,146.0,160.0,152.0,158.0,162.0,174.0,154.0,170.0,156.0,156.0,156.0,172.0,174.0,156.0,170.0,168.0,164.0,162.0,162.0,162.0,162.0,150.0,160.0,164.0,166.0,148.0,158.0,162.0,168.0,158.0,152.0,166.0,166.0,160.0,148.0,158.0,172.0,152.0,170.0,156.0,152.0,170.0,154.0,154.0,174.0,162.0,178.0,154.0,154.0,172.0,172.0,150.0,182.0,170.0,164.0,172.0,170.0,168.0,170.0,160.0,168.0,178.0,168.0,172.0,178.0,152.0,154.0,156.0,178.0,164.0,166.0,172.0,172.0,162.0,178.0,166.0,174.0,158.0,178.0,178.0,174.0,170.0,170.0,164.0,160.0,156.0,180.0,168.0,166.0,158.0,168.0,144.0,166.0,168.0,164.0,164.0,170.0,174.0,172.0,160.0,182.0,170.0,168.0,170.0,182.0,172.0,184.0,176.0,184.0,182.0,166.0,172.0,162.0,178.0,176.0,182.0,174.0,180.0,166.0,182.0,170.0,168.0,162.0,160.0,170.0,160.0,170.0,178.0,180.0,154.0,182.0,180.0,174.0,174.0,168.0,180.0,182.0,172.0,152.0,168.0,176.0,154.0,182.0,174.0,178.0,172.0,180.0,178.0,170.0,170.0,176.0,174.0,154.0,170.0,162.0,162.0,154.0,176.0,170.0,166.0,182.0,168.0,166.0,178.0,186.0,188.0,180.0,178.0,168.0,166.0,176.0,172.0,152.0,176.0,184.0,168.0,186.0,164.0,176.0,184.0,184.0,192.0,164.0,172.0,166.0,156.0,168.0,176.0,176.0,172.0,172.0,172.0,172.0,172.0,178.0,176.0,176.0,168.0,174.0,162.0,168.0,170.0,168.0,182.0,174.0,168.0,184.0,176.0,166.0,180.0,194.0,180.0,174.0,182.0,176.0,162.0,172.0,176.0,192.0,166.0,180.0,174.0,160.0,160.0,172.0,180.0,186.0,168.0,172.0,180.0,180.0,166.0,182.0,168.0,170.0,200.0,192.0,178.0,180.0,194.0,162.0,178.0,180.0,176.0,180.0,204.0,190.0,176.0,174.0,182.0,166.0,176.0,180.0,178.0,170.0,178.0,174.0,186.0,160.0,178.0,190.0,184.0,170.0,176.0,184.0,174.0,164.0,172.0,176.0,180.0,174.0,172.0,178.0,182.0,198.0,200.0
1.5486900000000006,1.5599100000000004,102.0,102.0,104.0,104.0,88.0,96.0,94.0,92.0,84.0,90.0,80.0,96.0,86.0,100.0,94.0,94.0,98.0,104.0,106.0,120.0,114.0,110.0,118.0,122.0,120.0,120.0,116.0,114.0,120.0,114.0,118.0,124.0,116.0,112.0,112.0,104.0,100.0,108.0,108.0,120.0,98.0,98.0,110.0,112.0,108.0,104.0,100.0,108.0,116.0,117.0,114.0,112.0,112.0,114.0,108.0,110.0,110.0,112.0,122.0,130.0,124.0,118.0,106.0,112.0,106.0,110.0,112.0,102.0,116.0,112.0,98.0,102.0,100.0,106.0,114.0,120.0,108.0,108.0,106.0,108.0,108.0,114.0,118.0,104.0,108.0,102.0,108.0,114.0,120.0,112.0,120.0,102.0,110.0,106.0,108.0,112.0,118.0,106.0,98.0,112.0,112.0,100.0,98.0,94.0,96.0,94.0,104.0,102.0,108.0,100.0,96.0,100.0,94.0,110.0,90.0,108.0,108.0,108.0,112.0,102.0,112.0,120.0,118.0,122.0,116.0,126.0,110.0,110.0,128.0,130.0,138.0,138.0,150.0,150.0,144.0,132.0,138.0,112.0,112.0,106.0,102.0,102.0,112.0,102.0,112.0,108.0,108.0,110.0,100.0,108.0,106.0,112.0,98.0,98.0,104.0,106.0,108.0,108.0,104.0,112.0,96.0,108.0,100.0,104.0,98.0,108.0,112.0,96.0,106.0,98.0,110.0,112.0,100.0,104.0,104.0,108.0,112.0,96.0,112.0,108.0,108.0,100.0,100.0,110.0,106.0,112.0,116.0,108.0,102.0,106.0,116.0,112.0,104.0,124.0,104.0,100.0,102.0,108.0,98.0,108.0,112.0,114.0,108.0,100.0,108.0,112.0,106.0,110.0,102.0,112.0,96.0,96.0,106.0,104.0,98.0,120.0,112.0,102.0,102.0,114.0,100.0,118.0,116.0,102.0,112.0,106.0,114.0,114.0,104.0,120.0,116.0,104.0,104.0,112.0,102.0,116.0,114.0,112.0,100.0,104.0,98.0,96.0,114.0,128.0,110.0,102.0,110.0,106.0,110.0,106.0,116.0,108.0,118.0,100.0,108.0,106.0,114.0,110.0,114.0,102.0,106.0,112.0,110.0,114.0,106.0,104.0,116.0,112.0,106.0,120.0,112.0,122.0,114.0,102.0,108.0,122.0,106.0,116.0,106.0,104.0,104.0,112.0,108.0,124.0,126.0,118.0,116.0,116.0,110.0,120.0,114.0,108.0,114.0,112.0,120.0,116.0,110.0,118.0,124.0,102.0,128.0,106.0,126.0,122.0,114.0,114.0,104.0,114.0,118.0,124.0,114.0,120.0,116.0,128.0,118.0,121.0,120.0,116.0,118.0,126.0,122.0,118.0,114.0,114.0,128.0,112.0,122.0,122.0,114.0,122.0,124.0,116.0,120.0,134.0,102.0,114.0,118.0,118.0,130.0,104.0,116.0,130.0,120.0,128.0,126.0,116.0,130.0,120.0,136.0,114.0,126.0,102.0,120.0,132.0,120.0,140.0,114.0,114.0,132.0,128.0,120.0,128.0,118.0,130.0,122.0,124.0,128.0,124.0,128.0,134.0,126.0,120.0,136.0,132.0,128.0,124.0,120.0,126.0,132.0,124.0,120.0,120.0,118.0,132.0,126.0,126.0,122.0,126.0,124.0,124.0,128.0,120.0,124.0,114.0,118.0,126.0,146.0,132.0,124.0,130.0,130.0,128.0,120.0,120.0,114.0,122.0,122.0,132.0,136.0,126.0,138.0,128.0,126.0,128.0,132.0,126.0,128.0,130.0,132.0,120.0,128.0,138.0,130.0,130.0,120.0,130.0,134.0,134.0,136.0,130.0,132.0,124.0,126.0,134.0,128.0,138.0,142.0,134.0,136.0,118.0,128.0,132.0,106.0,130.0,138.0,124.0,144.0,126.0,120.0,120.0,126.0,122.0,114.0,132.0,108.0,132.0,114.0,132.0,106.0,126.0,122.0,136.0,136.0,136.0,120.0,132.0,130.0,130.0,150.0,134.0,132.0,124.0,134.0,126.0,136.0,122.0,130.0,138.0,140.0,132.0,126.0,134.0,134.0,138.0,128.0,140.0,126.0,138.0,128.0,128.0,128.0,134.0,138.0,144.0,138.0,114.0,126.0,130.0,136.0,140.0,134.0,142.0,134.0,118.0,148.0,132.0,142.0,128.0,140.0,136.0,142.0,136.0,136.0,120.0,132.0,128.0,144.0,136.0,132.0,148.0,140.0,140.0,140.0,136.0,144.0,134.0,148.0,138.0,128.0,136.0,128.0,132.0,142.0,136.0,134.0,144.0,132.0,138.0,130.0,142.0,130.0,128.0,136.0,138.0,142.0,140.0,142.0,138.0,140.0,144.0,124.0,138.0,134.0,134.0,134.0,136.0,124.0,146.0,144.0,140.0,144.0,148.0,130.0,132.0,146.0,122.0,150.0,140.0,130.0,124.0,150.0,132.0,138.0,124.0,142.0,138.0,140.0,136.0,146.0,128.0,144.0,136.0,150.0,144.0,144.0,142.0,142.0,140.0,144.0,124.0,132.0,134.0,150.0,138.0,144.0,134.0,144.0,136.0,134.0,142.0,150.0,146.0,132.0,144.0,140.0,144.0,146.0,142.0,122.0,142.0,148.0,130.0,134.0,116.0,146.0,140.0,136.0,140.0,140.0,146.0,142.0,130.0,146.0,146.0,150.0,134.0,152.0,126.0,150.0,142.0,148.0,150.0,134.0,146.0,146.0,148.0,132.0,146.0,138.0,140.0,140.0,140.0,138.0,136.0,150.0,142.0,152.0,142.0,144.0,152.0,152.0,156.0,152.0,138.0,140.0,146.0,152.0,144.0,134.0,160.0,142.0,140.0,138.0,142.0,154.0,142.0,142.0,154.0,146.0,152.0,136.0,148.0,156.0,148.0,142.0,146.0,144.0,150.0,150.0,144.0,152.0
1.5486900000000006,3.11981,96.0,90.0,96.0,92.0,108.0,104.0,98.0,100.0,98.0,106.0,102.0,96.0,104.0,94.0,96.0,106.0,96.0,104.0,110.0,110.0,114.0,114.0,102.0,124.0,126.0,130.0,116.0,130.0,122.0,122.0,112.0,124.0,122.0,116.0,110.0,112.0,104.0,114.0,116.0,122.0,104.0,110.0,104.0,104.0,112.0,98.0,98.0,98.0,110.0,116.0,120.0,120.0,114.0,114.0,106.0,124.0,120.0,126.0,118.0,116.0,122.0,122.0,114.0,112.0,126.0,108.0,110.0,122.0,108.0,112.0,108.0,106.0,100.0,122.0,110.0,112.0,116.0,114.0,104.0,112.0,110.0,106.0,118.0,104.0,104.0,120.0,120.0,106.0,98.0,112.0,110.0,120.0,98.0,124.0,100.0,110.0,108.0,114.0,94.0,108.0,104.0,110.0,110.0,104.0,108.0,94.0,102.0,96.0,112.0,106.0,108.0,104.0,104.0,100.0,104.0,106.0,96.0,106.0,104.0,114.0,112.0,98.0,122.0,126.0,108.0,116.0,122.0,114.0,116.0,118.0,114.0,128.0,138.0,150.0,140.0,138.0,134.0,122.0,112.0,112.0,116.0,110.0,96.0,112.0,98.0,110.0,106.0,116.0,108.0,112.0,98.0,110.0,118.0,122.0,110.0,102.0,106.0,112.0,104.0,106.0,102.0,98.0,104.0,100.0,110.0,98.0,104.0,112.0,106.0,106.0,106.0,110.0,104.0,106.0,102.0,104.0,98.0,106.0,110.0,114.0,110.0,118.0,114.0,100.0,112.0,104.0,114.0,104.0,112.0,112.0,124.0,120.0,102.0,110.0,114.0,114.0,106.0,104.0,112.0,122.0,122.0,100.0,104.0,110.0,118.0,100.0,108.0,110.0,104.0,108.0,118.0,104.0,106.0,108.0,108.0,108.0,122.0,106.0,104.0,106.0,112.0,106.0,96.0,116.0,106.0,100.0,112.0,106.0,118.0,112.0,120.0,110.0,94.0,110.0,116.0,104.0,116.0,112.0,110.0,112.0,106.0,110.0,104.0,116.0,106.0,96.0,104.0,114.0,118.0,106.0,118.0,106.0,98.0,112.0,114.0,124.0,124.0,106.0,110.0,112.0,116.0,118.0,118.0,108.0,114.0,100.0,114.0,98.0,116.0,122.0,104.0,116.0,114.0,122.0,104.0,124.0,116.0,110.0,118.0,120.0,118.0,116.0,118.0,108.0,124.0,114.0,110.0,120.0,124.0,114.0,124.0,116.0,118.0,98.0,120.0,126.0,132.0,130.0,116.0,128.0,112.0,118.0,126.0,130.0,126.0,124.0,124.0,128.0,122.0,124.0,128.0,140.0,118.0,130.0,124.0,115.0,106.0,122.0,118.0,120.0,118.0,130.0,128.0,112.0,122.0,120.0,132.0,116.0,112.0,122.0,126.0,120.0,114.0,122.0,126.0,120.0,114.0,120.0,124.0,122.0,112.0,128.0,124.0,124.0,136.0,116.0,112.0,132.0,128.0,126.0,122.0,136.0,136.0,128.0,136.0,124.0,108.0,132.0,126.0,120.0,108.0,128.0,124.0,128.0,126.0,124.0,112.0,128.0,126.0,130.0,122.0,116.0,118.0,132.0,136.0,124.0,126.0,128.0,128.0,122.0,122.0,122.0,120.0,128.0,122.0,132.0,130.0,120.0,120.0,140.0,130.0,128.0,130.0,128.0,116.0,130.0,128.0,130.0,138.0,124.0,136.0,122.0,130.0,132.0,136.0,130.0,116.0,130.0,144.0,128.0,136.0,136.0,130.0,114.0,134.0,134.0,132.0,146.0,132.0,130.0,130.0,138.0,134.0,128.0,126.0,130.0,126.0,128.0,130.0,124.0,124.0,140.0,128.0,140.0,138.0,136.0,136.0,122.0,136.0,118.0,132.0,134.0,132.0,130.0,124.0,124.0,134.0,140.0,128.0,126.0,138.0,136.0,134.0,136.0,136.0,140.0,126.0,136.0,146.0,128.0,132.0,132.0,130.0,130.0,132.0,144.0,126.0,126.0,154.0,126.0,138.0,140.0,126.0,120.0,134.0,130.0,138.0,142.0,146.0,134.0,132.0,126.0,132.0,130.0,138.0,134.0,132.0,134.0,134.0,124.0,126.0,130.0,136.0,124.0,136.0,148.0,144.0,128.0,134.0,130.0,120.0,150.0,146.0,128.0,142.0,128.0,132.0,148.0,146.0,140.0,136.0,130.0,148.0,144.0,126.0,132.0,132.0,150.0,138.0,140.0,154.0,146.0,146.0,140.0,138.0,156.0,130.0,132.0,120.0,148.0,144.0,136.0,122.0,136.0,136.0,132.0,136.0,126.0,132.0,126.0,134.0,138.0,142.0,138.0,132.0,138.0,138.0,140.0,140.0,146.0,140.0,140.0,128.0,142.0,120.0,142.0,142.0,136.0,138.0,138.0,144.0,130.0,136.0,138.0,140.0,132.0,142.0,148.0,136.0,148.0,136.0,132.0,142.0,132.0,130.0,150.0,142.0,150.0,140.0,138.0,138.0,142.0,146.0,134.0,136.0,142.0,144.0,136.0,140.0,142.0,150.0,118.0,156.0,136.0,132.0,136.0,148.0,144.0,144.0,140.0,154.0,142.0,152.0,148.0,144.0,144.0,128.0,138.0,140.0,138.0,136.0,134.0,132.0,142.0,134.0,142.0,148.0,138.0,138.0,136.0,138.0,146.0,126.0,134.0,132.0,128.0,126.0,142.0,146.0,140.0,148.0,134.0,140.0,148.0,136.0,134.0,132.0,136.0,148.0,150.0,132.0,146.0,138.0,142.0,136.0,142.0,134.0,134.0,134.0,144.0,150.0,128.0,140.0,138.0,148.0,146.0,156.0,140.0,132.0,148.0,138.0,158.0,136.0,152.0,144.0,146.0,142.0,142.0,156.0,150.0,144.0,140.0,150.0,138.0,144.0,140.0,158.0,140.0,148.0,146.0,154.0
1.5486900000000006,4.6797200000000005,104.0,106.0,112.0,108.0,110.0,112.0,104.0,118.0,118.0,106.0,106.0,112.0,118.0,110.0,106.0,104.0,134.0,124.0,142.0,124.0,138.0,124.0,138.0,128.0,122.0,134.0,130.0,142.0,126.0,132.0,136.0,142.0,146.0,130.0,126.0,130.0,132.0,124.0,124.0,120.0,112.0,124.0,126.0,116.0,122.0,128.0,128.0,122.0,114.0,119.0,124.0,124.0,132.0,138.0,116.0,116.0,136.0,150.0,146.0,142.0,128.0,136.0,130.0,122.0,134.0,134.0,128.0,124.0,128.0,124.0,128.0,132.0,136.0,138.0,128.0,124.0,130.0,132.0,130.0,126.0,142.0,132.0,134.0,130.0,126.0,122.0,124.0,134.0,128.0,142.0,126.0,122.0,118.0,122.0,130.0,118.0,132.0,128.0,112.0,124.0,122.0,122.0,124.0,138.0,120.0,128.0,124.0,128.0,120.0,128.0,124.0,122.0,118.0,106.0,128.0,122.0,126.0,130.0,120.0,124.0,128.0,132.0,146.0,138.0,140.0,128.0,130.0,116.0,130.0,146.0,138.0,132.0,150.0,154.0,156.0,154.0,142.0,148.0,142.0,138.0,130.0,130.0,130.0,136.0,116.0,106.0,122.0,134.0,128.0,124.0,122.0,120.0,134.0,124.0,120.0,128.0,128.0,150.0,120.0,112.0,130.0,120.0,122.0,132.0,120.0,118.0,126.0,128.0,126.0,112.0,138.0,124.0,130.0,122.0,134.0,112.0,138.0,132.0,118.0,112.0,146.0,130.0,136.0,148.0,134.0,130.0,136.0,126.0,124.0,122.0,136.0,128.0,130.0,116.0,118.0,124.0,128.0,138.0,118.0,126.0,142.0,126.0,130.0,140.0,128.0,126.0,134.0,132.0,144.0,140.0,124.0,128.0,118.0,128.0,142.0,142.0,142.0,138.0,134.0,132.0,134.0,144.0,142.0,134.0,142.0,136.0,136.0,128.0,146.0,132.0,120.0,134.0,150.0,126.0,130.0,148.0,150.0,146.0,126.0,132.0,136.0,134.0,148.0,126.0,130.0,144.0,124.0,134.0,150.0,132.0,130.0,130.0,140.0,138.0,130.0,132.0,130.0,146.0,144.0,144.0,132.0,134.0,134.0,126.0,124.0,134.0,140.0,136.0,136.0,150.0,140.0,148.0,128.0,120.0,130.0,140.0,138.0,140.0,120.0,148.0,150.0,146.0,146.0,146.0,150.0,142.0,142.0,148.0,152.0,140.0,144.0,142.0,146.0,154.0,140.0,140.0,158.0,134.0,142.0,154.0,156.0,146.0,138.0,134.0,148.0,150.0,160.0,146.0,140.0,154.0,148.0,154.0,148.0,142.0,154.0,149.0,142.0,148.0,144.0,152.0,152.0,144.0,140.0,158.0,138.0,150.0,152.0,156.0,162.0,146.0,152.0,146.0,160.0,148.0,150.0,138.0,154.0,144.0,166.0,144.0,148.0,152.0,146.0,150.0,160.0,158.0,142.0,150.0,160.0,144.0,154.0,142.0,164.0,152.0,154.0,158.0,174.0,170.0,164.0,150.0,154.0,158.0,164.0,164.0,148.0,146.0,152.0,162.0,138.0,150.0,162.0,160.0,156.0,144.0,144.0,160.0,164.0,148.0,166.0,152.0,148.0,142.0,140.0,150.0,160.0,158.0,146.0,154.0,158.0,156.0,144.0,154.0,156.0,158.0,172.0,162.0,156.0,158.0,150.0,156.0,150.0,164.0,168.0,150.0,160.0,176.0,168.0,150.0,144.0,140.0,164.0,152.0,158.0,164.0,154.0,176.0,162.0,174.0,170.0,158.0,156.0,162.0,158.0,172.0,160.0,174.0,160.0,154.0,146.0,164.0,170.0,170.0,160.0,156.0,160.0,178.0,164.0,172.0,170.0,158.0,146.0,166.0,152.0,162.0,152.0,174.0,162.0,156.0,142.0,166.0,160.0,162.0,152.0,176.0,172.0,160.0,172.0,168.0,170.0,172.0,168.0,172.0,168.0,170.0,160.0,190.0,166.0,166.0,164.0,182.0,174.0,180.0,166.0,164.0,176.0,164.0,168.0,170.0,170.0,168.0,160.0,154.0,170.0,166.0,156.0,168.0,162.0,166.0,166.0,162.0,174.0,158.0,162.0,162.0,172.0,174.0,178.0,174.0,174.0,168.0,164.0,170.0,166.0,158.0,172.0,166.0,170.0,164.0,166.0,174.0,162.0,174.0,186.0,174.0,166.0,184.0,192.0,156.0,164.0,188.0,176.0,180.0,178.0,188.0,188.0,168.0,182.0,164.0,172.0,180.0,160.0,166.0,174.0,170.0,186.0,170.0,174.0,166.0,160.0,180.0,174.0,188.0,166.0,172.0,170.0,180.0,182.0,162.0,174.0,174.0,172.0,168.0,168.0,156.0,194.0,198.0,186.0,168.0,168.0,170.0,178.0,168.0,180.0,178.0,182.0,192.0,172.0,186.0,180.0,178.0,180.0,182.0,186.0,166.0,168.0,188.0,180.0,184.0,198.0,176.0,176.0,160.0,194.0,178.0,190.0,174.0,180.0,190.0,178.0,192.0,166.0,174.0,166.0,186.0,186.0,178.0,190.0,180.0,166.0,194.0,184.0,186.0,184.0,202.0,180.0,180.0,190.0,164.0,178.0,174.0,178.0,176.0,206.0,180.0,170.0,204.0,174.0,182.0,184.0,170.0,182.0,178.0,172.0,190.0,174.0,178.0,172.0,168.0,174.0,182.0,182.0,196.0,188.0,198.0,176.0,200.0,176.0,176.0,190.0,184.0,182.0,196.0,184.0,186.0,192.0,198.0,190.0,196.0,178.0,208.0,180.0,182.0,180.0,184.0,192.0,200.0,204.0,200.0,196.0,162.0,178.0,186.0,168.0,200.0,180.0,178.0,184.0,190.0,192.0,194.0,192.0,172.0,192.0,172.0,182.0,204.0,202.0,206.0,186.0,182.0,184.0
1.5486900000000006,6.23962,130.0,130.0,120.0,100.0,106.0,114.0,136.0,108.0,132.0,118.0,108.0,122.0,122.0,118.0,114.0,130.0,122.0,138.0,134.0,142.0,140.0,132.0,144.0,150.0,130.0,144.0,148.0,158.0,130.0,132.0,150.0,144.0,140.0,142.0,132.0,146.0,130.0,134.0,138.0,116.0,130.0,122.0,138.0,130.0,122.0,140.0,136.0,134.0,120.0,129.0,138.0,134.0,122.0,130.0,146.0,128.0,144.0,132.0,146.0,158.0,136.0,152.0,128.0,130.0,142.0,122.0,142.0,134.0,124.0,118.0,144.0,138.0,132.0,140.0,134.0,130.0,138.0,130.0,144.0,144.0,142.0,144.0,120.0,144.0,140.0,136.0,132.0,124.0,144.0,144.0,144.0,144.0,146.0,112.0,128.0,138.0,130.0,108.0,124.0,138.0,130.0,142.0,128.0,142.0,134.0,124.0,146.0,126.0,122.0,126.0,128.0,134.0,130.0,130.0,126.0,130.0,134.0,128.0,120.0,144.0,128.0,146.0,148.0,142.0,140.0,148.0,136.0,142.0,146.0,144.0,156.0,152.0,174.0,158.0,168.0,154.0,162.0,148.0,140.0,134.0,140.0,126.0,124.0,142.0,118.0,130.0,126.0,142.0,138.0,144.0,136.0,122.0,136.0,116.0,128.0,140.0,148.0,134.0,136.0,122.0,140.0,136.0,132.0,134.0,146.0,126.0,130.0,124.0,130.0,130.0,130.0,122.0,130.0,138.0,124.0,140.0,142.0,140.0,126.0,124.0,126.0,132.0,148.0,136.0,142.0,134.0,132.0,146.0,152.0,148.0,124.0,128.0,130.0,142.0,126.0,128.0,146.0,150.0,148.0,140.0,140.0,132.0,120.0,140.0,140.0,122.0,140.0,138.0,136.0,138.0,122.0,132.0,134.0,134.0,140.0,144.0,144.0,144.0,140.0,156.0,132.0,160.0,142.0,138.0,146.0,152.0,146.0,142.0,136.0,152.0,142.0,134.0,150.0,152.0,154.0,130.0,126.0,142.0,138.0,142.0,134.0,138.0,142.0,148.0,142.0,150.0,136.0,144.0,156.0,134.0,150.0,150.0,142.0,158.0,136.0,154.0,142.0,142.0,166.0,142.0,158.0,152.0,144.0,144.0,164.0,152.0,144.0,146.0,144.0,154.0,138.0,146.0,154.0,148.0,162.0,142.0,152.0,142.0,138.0,136.0,154.0,144.0,154.0,150.0,136.0,148.0,146.0,158.0,148.0,140.0,154.0,154.0,158.0,146.0,140.0,152.0,148.0,148.0,162.0,170.0,160.0,152.0,154.0,166.0,148.0,160.0,166.0,146.0,154.0,166.0,158.0,174.0,160.0,158.0,160.0,164.0,168.0,168.0,144.0,156.0,142.0,154.0,166.0,148.0,156.0,172.0,158.0,158.0,146.0,158.0,154.0,150.0,146.0,160.0,174.0,162.0,172.0,146.0,162.0,158.0,164.0,136.0,170.0,158.0,166.0,150.0,160.0,152.0,152.0,174.0,154.0,158.0,154.0,162.0,150.0,154.0,150.0,146.0,160.0,174.0,164.0,174.0,164.0,164.0,162.0,152.0,162.0,158.0,168.0,156.0,174.0,156.0,166.0,164.0,176.0,172.0,180.0,160.0,172.0,166.0,156.0,140.0,178.0,170.0,174.0,166.0,162.0,168.0,170.0,150.0,162.0,174.0,168.0,164.0,146.0,162.0,162.0,168.0,168.0,162.0,160.0,170.0,158.0,166.0,166.0,170.0,156.0,176.0,154.0,176.0,160.0,160.0,162.0,166.0,152.0,156.0,158.0,176.0,168.0,166.0,164.0,168.0,160.0,176.0,156.0,162.0,162.0,160.0,180.0,158.0,172.0,176.0,172.0,172.0,178.0,154.0,166.0,176.0,166.0,170.0,160.0,158.0,162.0,168.0,152.0,180.0,166.0,156.0,182.0,164.0,176.0,164.0,178.0,180.0,184.0,150.0,172.0,178.0,170.0,168.0,178.0,176.0,178.0,162.0,170.0,174.0,172.0,170.0,178.0,180.0,178.0,160.0,180.0,188.0,178.0,170.0,176.0,180.0,168.0,172.0,164.0,186.0,184.0,166.0,182.0,198.0,174.0,186.0,154.0,176.0,170.0,170.0,170.0,174.0,168.0,162.0,176.0,174.0,178.0,162.0,158.0,180.0,172.0,170.0,174.0,170.0,188.0,174.0,164.0,176.0,178.0,198.0,178.0,184.0,186.0,170.0,200.0,194.0,174.0,172.0,170.0,186.0,194.0,178.0,174.0,184.0,186.0,186.0,186.0,190.0,180.0,192.0,194.0,174.0,186.0,180.0,192.0,166.0,186.0,190.0,184.0,180.0,176.0,170.0,180.0,176.0,180.0,192.0,196.0,184.0,184.0,200.0,194.0,176.0,180.0,176.0,170.0,180.0,178.0,176.0,196.0,182.0,162.0,170.0,164.0,162.0,188.0,170.0,188.0,180.0,190.0,188.0,172.0,182.0,188.0,178.0,180.0,172.0,192.0,200.0,180.0,178.0,184.0,176.0,190.0,190.0,198.0,194.0,188.0,178.0,176.0,190.0,198.0,164.0,196.0,184.0,192.0,180.0,194.0,184.0,206.0,184.0,196.0,180.0,178.0,178.0,190.0,170.0,184.0,184.0,184.0,192.0,196.0,172.0,196.0,184.0,196.0,184.0,200.0,190.0,182.0,180.0,202.0,180.0,182.0,188.0,194.0,190.0,194.0,190.0,190.0,190.0,196.0,182.0,184.0,210.0,178.0,212.0,192.0,200.0,160.0,202.0,190.0,194.0,172.0,188.0,192.0,190.0,190.0,180.0,184.0,194.0,198.0,182.0,190.0,182.0,200.0,182.0,198.0,174.0,188.0,198.0,192.0,206.0,186.0,204.0,192.0,186.0,174.0,202.0,190.0,212.0,184.0,200.0,196.0,180.0,190.0,192.0,194.0,182.0,184.0
1.5486900000000006,7.799523000000001,104.0,110.0,118.0,102.0,104.0,108.0,110.0,112.0,110.0,104.0,98.0,108.0,106.0,112.0,98.0,110.0,118.0,114.0,108.0,124.0,120.0,120.0,124.0,138.0,134.0,124.0,132.0,134.0,128.0,130.0,120.0,132.0,122.0,116.0,126.0,136.0,120.0,126.0,132.0,128.0,112.0,114.0,124.0,126.0,116.0,124.0,108.0,120.0,130.0,131.0,132.0,126.0,114.0,130.0,134.0,124.0,124.0,124.0,120.0,126.0,134.0,134.0,132.0,126.0,124.0,128.0,112.0,124.0,116.0,122.0,124.0,130.0,112.0,130.0,110.0,118.0,120.0,110.0,108.0,120.0,118.0,132.0,120.0,130.0,120.0,130.0,138.0,122.0,138.0,130.0,128.0,118.0,126.0,112.0,130.0,112.0,110.0,122.0,112.0,106.0,110.0,118.0,116.0,112.0,116.0,114.0,112.0,106.0,102.0,120.0,106.0,124.0,118.0,108.0,128.0,114.0,106.0,134.0,112.0,126.0,120.0,126.0,126.0,138.0,128.0,146.0,136.0,136.0,122.0,144.0,134.0,140.0,148.0,152.0,166.0,154.0,138.0,134.0,144.0,122.0,124.0,130.0,110.0,122.0,122.0,120.0,122.0,122.0,110.0,122.0,120.0,138.0,128.0,134.0,116.0,128.0,116.0,120.0,110.0,128.0,106.0,120.0,132.0,118.0,128.0,118.0,122.0,140.0,120.0,126.0,126.0,118.0,124.0,118.0,126.0,114.0,122.0,124.0,124.0,134.0,132.0,118.0,118.0,124.0,132.0,128.0,120.0,120.0,144.0,126.0,126.0,134.0,116.0,132.0,120.0,124.0,132.0,124.0,116.0,122.0,126.0,142.0,116.0,134.0,130.0,120.0,130.0,118.0,114.0,114.0,116.0,126.0,122.0,116.0,122.0,132.0,132.0,130.0,128.0,110.0,124.0,116.0,130.0,120.0,138.0,128.0,122.0,142.0,140.0,130.0,128.0,132.0,124.0,120.0,132.0,144.0,128.0,116.0,120.0,132.0,132.0,142.0,136.0,120.0,130.0,148.0,118.0,138.0,130.0,124.0,130.0,136.0,120.0,130.0,124.0,124.0,130.0,144.0,126.0,140.0,120.0,134.0,130.0,112.0,140.0,130.0,134.0,126.0,134.0,132.0,140.0,146.0,114.0,134.0,126.0,130.0,130.0,114.0,120.0,122.0,134.0,122.0,130.0,132.0,130.0,140.0,148.0,136.0,126.0,144.0,152.0,134.0,138.0,152.0,132.0,144.0,142.0,144.0,128.0,140.0,146.0,148.0,138.0,144.0,146.0,148.0,128.0,142.0,158.0,146.0,146.0,148.0,136.0,142.0,132.0,131.0,130.0,142.0,130.0,146.0,150.0,130.0,126.0,130.0,146.0,154.0,138.0,144.0,142.0,152.0,148.0,142.0,150.0,160.0,124.0,130.0,154.0,138.0,158.0,140.0,140.0,152.0,134.0,140.0,140.0,134.0,124.0,140.0,140.0,148.0,156.0,146.0,142.0,136.0,138.0,136.0,148.0,150.0,136.0,158.0,148.0,144.0,152.0,142.0,148.0,128.0,140.0,148.0,144.0,160.0,150.0,158.0,142.0,150.0,146.0,136.0,156.0,142.0,162.0,160.0,146.0,132.0,140.0,152.0,154.0,136.0,146.0,146.0,150.0,138.0,146.0,152.0,152.0,142.0,142.0,154.0,158.0,144.0,160.0,146.0,148.0,138.0,158.0,140.0,154.0,142.0,156.0,158.0,146.0,144.0,140.0,166.0,150.0,152.0,134.0,152.0,144.0,130.0,164.0,152.0,134.0,160.0,164.0,146.0,148.0,150.0,148.0,156.0,162.0,154.0,162.0,174.0,166.0,160.0,148.0,150.0,166.0,152.0,164.0,138.0,146.0,138.0,144.0,146.0,140.0,162.0,158.0,168.0,150.0,152.0,160.0,150.0,144.0,140.0,154.0,138.0,144.0,156.0,148.0,152.0,150.0,146.0,144.0,154.0,164.0,158.0,164.0,162.0,146.0,152.0,166.0,156.0,156.0,164.0,170.0,166.0,154.0,166.0,160.0,152.0,154.0,168.0,156.0,130.0,156.0,150.0,158.0,162.0,164.0,170.0,144.0,152.0,160.0,158.0,146.0,162.0,168.0,170.0,154.0,162.0,156.0,160.0,152.0,138.0,146.0,144.0,160.0,156.0,170.0,178.0,162.0,158.0,162.0,168.0,154.0,166.0,176.0,166.0,150.0,150.0,158.0,154.0,144.0,152.0,168.0,184.0,160.0,178.0,154.0,166.0,168.0,166.0,162.0,172.0,170.0,168.0,162.0,180.0,174.0,156.0,152.0,140.0,166.0,154.0,160.0,156.0,180.0,148.0,174.0,166.0,150.0,160.0,164.0,156.0,166.0,158.0,158.0,148.0,172.0,158.0,160.0,146.0,162.0,152.0,168.0,152.0,170.0,178.0,156.0,170.0,154.0,148.0,168.0,160.0,162.0,160.0,172.0,174.0,152.0,164.0,156.0,166.0,170.0,166.0,150.0,168.0,164.0,170.0,156.0,158.0,164.0,166.0,160.0,176.0,174.0,180.0,168.0,152.0,156.0,160.0,174.0,172.0,152.0,170.0,172.0,156.0,166.0,172.0,166.0,172.0,158.0,166.0,162.0,158.0,182.0,172.0,154.0,176.0,170.0,176.0,166.0,170.0,162.0,144.0,170.0,180.0,172.0,182.0,172.0,166.0,174.0,166.0,168.0,166.0,158.0,162.0,162.0,152.0,174.0,168.0,166.0,176.0,170.0,170.0,170.0,182.0,166.0,184.0,170.0,168.0,174.0,170.0,172.0,164.0,182.0,178.0,174.0,162.0,176.0,178.0,156.0,178.0,178.0,158.0,152.0,162.0,174.0,164.0,178.0,158.0,186.0,160.0,168.0,152.0,170.0,168.0,164.0,154.0,176.0,174.0,182.0
1.5486900000000006,9.35943,120.0,100.0,120.0,112.0,92.0,116.0,108.0,106.0,108.0,102.0,88.0,118.0,102.0,108.0,102.0,110.0,106.0,120.0,126.0,122.0,106.0,126.0,122.0,124.0,132.0,130.0,136.0,130.0,114.0,122.0,132.0,124.0,118.0,126.0,116.0,126.0,106.0,124.0,122.0,118.0,128.0,120.0,100.0,114.0,106.0,116.0,106.0,114.0,126.0,122.0,118.0,114.0,120.0,108.0,128.0,120.0,116.0,116.0,132.0,126.0,144.0,120.0,124.0,124.0,116.0,122.0,128.0,118.0,110.0,118.0,124.0,106.0,102.0,120.0,108.0,120.0,118.0,122.0,126.0,118.0,134.0,114.0,112.0,126.0,132.0,130.0,126.0,134.0,132.0,118.0,126.0,128.0,118.0,124.0,104.0,118.0,124.0,124.0,118.0,110.0,120.0,112.0,100.0,108.0,126.0,114.0,116.0,124.0,120.0,118.0,106.0,116.0,120.0,124.0,122.0,102.0,114.0,110.0,114.0,108.0,122.0,110.0,124.0,112.0,130.0,126.0,122.0,118.0,122.0,136.0,134.0,156.0,146.0,148.0,144.0,148.0,140.0,146.0,120.0,122.0,116.0,126.0,120.0,102.0,114.0,114.0,124.0,108.0,106.0,106.0,124.0,114.0,124.0,120.0,116.0,130.0,132.0,108.0,124.0,110.0,110.0,110.0,120.0,116.0,118.0,118.0,116.0,110.0,136.0,102.0,114.0,108.0,122.0,130.0,116.0,122.0,116.0,118.0,102.0,110.0,122.0,118.0,118.0,132.0,114.0,110.0,124.0,110.0,120.0,110.0,132.0,118.0,122.0,128.0,114.0,124.0,116.0,126.0,128.0,130.0,122.0,112.0,126.0,124.0,128.0,126.0,118.0,116.0,118.0,126.0,116.0,122.0,118.0,126.0,132.0,110.0,120.0,128.0,120.0,108.0,126.0,114.0,134.0,132.0,128.0,124.0,124.0,132.0,122.0,136.0,130.0,124.0,116.0,124.0,130.0,114.0,116.0,148.0,116.0,132.0,128.0,108.0,116.0,120.0,132.0,134.0,126.0,130.0,128.0,136.0,122.0,110.0,132.0,122.0,122.0,134.0,124.0,130.0,110.0,134.0,124.0,124.0,118.0,140.0,122.0,138.0,122.0,136.0,130.0,124.0,110.0,126.0,124.0,118.0,128.0,116.0,122.0,130.0,118.0,112.0,154.0,136.0,130.0,128.0,136.0,130.0,136.0,142.0,120.0,120.0,132.0,124.0,134.0,136.0,126.0,132.0,140.0,126.0,120.0,142.0,148.0,136.0,132.0,146.0,128.0,136.0,146.0,150.0,128.0,120.0,126.0,134.0,132.0,148.0,142.0,138.0,134.0,130.0,148.0,150.0,142.0,138.0,130.0,142.0,144.0,130.0,136.0,124.0,136.0,148.0,128.0,140.0,146.0,146.0,142.0,140.0,134.0,130.0,142.0,138.0,124.0,138.0,152.0,132.0,152.0,126.0,134.0,126.0,144.0,140.0,152.0,152.0,152.0,136.0,142.0,144.0,120.0,138.0,150.0,138.0,130.0,152.0,144.0,136.0,138.0,142.0,142.0,140.0,142.0,142.0,148.0,146.0,140.0,152.0,148.0,152.0,164.0,140.0,150.0,134.0,132.0,152.0,140.0,144.0,164.0,144.0,142.0,140.0,156.0,164.0,142.0,136.0,152.0,134.0,148.0,124.0,142.0,138.0,156.0,148.0,152.0,150.0,140.0,168.0,136.0,144.0,146.0,150.0,138.0,150.0,138.0,144.0,152.0,146.0,152.0,150.0,142.0,134.0,142.0,146.0,150.0,162.0,150.0,148.0,158.0,156.0,152.0,144.0,158.0,146.0,148.0,146.0,140.0,156.0,138.0,156.0,150.0,146.0,154.0,136.0,146.0,148.0,146.0,156.0,152.0,144.0,140.0,154.0,158.0,146.0,144.0,146.0,154.0,154.0,144.0,152.0,138.0,150.0,144.0,144.0,144.0,160.0,160.0,158.0,146.0,162.0,154.0,156.0,154.0,154.0,150.0,144.0,152.0,154.0,164.0,158.0,156.0,176.0,146.0,142.0,162.0,154.0,136.0,140.0,152.0,162.0,166.0,152.0,150.0,152.0,158.0,150.0,172.0,148.0,150.0,142.0,158.0,152.0,152.0,162.0,148.0,156.0,150.0,142.0,156.0,146.0,154.0,158.0,156.0,160.0,150.0,166.0,152.0,146.0,150.0,140.0,166.0,150.0,148.0,154.0,144.0,144.0,164.0,152.0,162.0,154.0,148.0,156.0,166.0,144.0,156.0,156.0,170.0,162.0,148.0,144.0,158.0,148.0,150.0,152.0,154.0,144.0,160.0,174.0,160.0,162.0,154.0,152.0,174.0,148.0,154.0,150.0,164.0,142.0,154.0,160.0,154.0,148.0,164.0,162.0,140.0,172.0,158.0,160.0,148.0,162.0,146.0,140.0,154.0,144.0,150.0,160.0,152.0,150.0,156.0,166.0,150.0,152.0,152.0,154.0,160.0,154.0,156.0,166.0,156.0,158.0,160.0,158.0,170.0,154.0,176.0,168.0,174.0,154.0,170.0,154.0,166.0,154.0,150.0,140.0,154.0,144.0,170.0,162.0,176.0,144.0,156.0,160.0,172.0,176.0,168.0,170.0,170.0,166.0,156.0,160.0,164.0,168.0,164.0,170.0,158.0,170.0,174.0,152.0,164.0,154.0,166.0,172.0,168.0,168.0,152.0,160.0,166.0,158.0,146.0,156.0,170.0,166.0,148.0,158.0,148.0,174.0,174.0,176.0,174.0,170.0,172.0,178.0,168.0,170.0,158.0,166.0,178.0,166.0,154.0,160.0,162.0,158.0,164.0,170.0,180.0,158.0,172.0,168.0,166.0,178.0,176.0,174.0,170.0,162.0,178.0,164.0,154.0,162.0,144.0,166.0,156.0,184.0,156.0,178.0,160.0
1.5486900000000006,10.91933,112.0,116.0,116.0,98.0,114.0,104.0,104.0,106.0,106.0,102.0,98.0,98.0,94.0,110.0,112.0,102.0,112.0,114.0,118.0,118.0,110.0,124.0,132.0,134.0,138.0,144.0,130.0,138.0,124.0,122.0,130.0,128.0,128.0,114.0,112.0,120.0,120.0,120.0,120.0,112.0,94.0,116.0,114.0,112.0,120.0,110.0,132.0,124.0,120.0,115.0,110.0,110.0,128.0,116.0,128.0,130.0,132.0,118.0,120.0,138.0,148.0,138.0,114.0,128.0,124.0,124.0,114.0,118.0,126.0,122.0,114.0,110.0,126.0,108.0,124.0,114.0,112.0,124.0,116.0,124.0,116.0,138.0,118.0,120.0,122.0,132.0,132.0,124.0,128.0,114.0,124.0,112.0,126.0,124.0,116.0,120.0,116.0,122.0,114.0,122.0,120.0,116.0,122.0,126.0,118.0,118.0,108.0,120.0,112.0,114.0,118.0,110.0,116.0,110.0,120.0,116.0,118.0,114.0,120.0,128.0,124.0,120.0,122.0,134.0,120.0,132.0,132.0,128.0,130.0,126.0,132.0,136.0,148.0,134.0,152.0,126.0,136.0,128.0,120.0,118.0,114.0,124.0,122.0,116.0,112.0,136.0,102.0,106.0,116.0,114.0,114.0,126.0,118.0,116.0,114.0,116.0,116.0,104.0,116.0,110.0,108.0,108.0,122.0,126.0,112.0,130.0,114.0,122.0,120.0,120.0,120.0,122.0,106.0,118.0,112.0,114.0,118.0,110.0,108.0,130.0,116.0,130.0,120.0,120.0,128.0,122.0,138.0,134.0,124.0,126.0,120.0,136.0,126.0,114.0,120.0,122.0,124.0,116.0,120.0,124.0,114.0,106.0,112.0,134.0,116.0,122.0,118.0,124.0,122.0,114.0,118.0,114.0,132.0,120.0,124.0,136.0,112.0,116.0,130.0,124.0,112.0,124.0,130.0,128.0,134.0,124.0,118.0,128.0,110.0,126.0,124.0,118.0,118.0,120.0,116.0,120.0,106.0,126.0,134.0,114.0,114.0,106.0,122.0,114.0,112.0,112.0,124.0,116.0,110.0,122.0,118.0,124.0,124.0,110.0,124.0,126.0,118.0,126.0,112.0,114.0,116.0,116.0,120.0,118.0,118.0,116.0,136.0,126.0,128.0,128.0,126.0,124.0,132.0,132.0,116.0,126.0,118.0,132.0,128.0,128.0,130.0,126.0,126.0,120.0,118.0,126.0,126.0,122.0,122.0,124.0,138.0,120.0,138.0,132.0,144.0,130.0,126.0,132.0,118.0,140.0,136.0,142.0,128.0,134.0,120.0,136.0,136.0,132.0,122.0,136.0,138.0,128.0,126.0,130.0,134.0,130.0,126.0,132.0,108.0,128.0,134.0,140.0,136.0,116.0,132.0,130.0,130.0,122.0,130.0,132.0,128.0,142.0,132.0,130.0,128.0,122.0,150.0,144.0,144.0,122.0,140.0,132.0,146.0,136.0,126.0,124.0,130.0,138.0,134.0,124.0,138.0,130.0,136.0,132.0,138.0,128.0,142.0,134.0,144.0,142.0,130.0,140.0,140.0,134.0,138.0,122.0,134.0,142.0,142.0,126.0,136.0,140.0,130.0,138.0,134.0,136.0,140.0,146.0,150.0,138.0,132.0,118.0,142.0,154.0,146.0,140.0,144.0,142.0,146.0,138.0,144.0,128.0,148.0,130.0,132.0,148.0,138.0,134.0,140.0,132.0,154.0,146.0,130.0,142.0,134.0,140.0,152.0,146.0,140.0,134.0,146.0,136.0,134.0,138.0,138.0,130.0,140.0,136.0,144.0,142.0,132.0,134.0,148.0,136.0,130.0,142.0,150.0,140.0,148.0,138.0,140.0,142.0,144.0,134.0,144.0,142.0,138.0,142.0,138.0,130.0,130.0,152.0,156.0,136.0,148.0,138.0,132.0,138.0,138.0,138.0,136.0,162.0,128.0,136.0,138.0,146.0,144.0,128.0,138.0,138.0,142.0,136.0,136.0,148.0,146.0,148.0,130.0,138.0,156.0,148.0,148.0,142.0,142.0,134.0,144.0,156.0,142.0,140.0,136.0,144.0,132.0,160.0,158.0,142.0,144.0,140.0,156.0,120.0,140.0,162.0,156.0,146.0,140.0,138.0,142.0,148.0,144.0,142.0,152.0,138.0,148.0,152.0,138.0,160.0,152.0,148.0,140.0,148.0,130.0,166.0,140.0,148.0,164.0,134.0,140.0,152.0,156.0,152.0,152.0,140.0,138.0,144.0,162.0,164.0,154.0,156.0,144.0,154.0,152.0,152.0,162.0,150.0,134.0,142.0,138.0,150.0,132.0,156.0,144.0,148.0,152.0,146.0,150.0,150.0,156.0,142.0,148.0,146.0,146.0,146.0,134.0,144.0,152.0,154.0,142.0,146.0,142.0,146.0,142.0,158.0,152.0,136.0,154.0,160.0,148.0,138.0,144.0,140.0,148.0,146.0,158.0,158.0,138.0,156.0,124.0,152.0,164.0,142.0,146.0,146.0,132.0,156.0,148.0,162.0,146.0,154.0,132.0,156.0,160.0,166.0,154.0,150.0,150.0,162.0,162.0,162.0,154.0,166.0,162.0,162.0,156.0,148.0,136.0,156.0,160.0,150.0,158.0,148.0,136.0,150.0,144.0,154.0,154.0,138.0,146.0,146.0,144.0,156.0,148.0,144.0,170.0,146.0,130.0,152.0,150.0,146.0,156.0,156.0,154.0,158.0,158.0,142.0,134.0,152.0,130.0,138.0,152.0,138.0,150.0,146.0,150.0,156.0,156.0,162.0,156.0,142.0,158.0,158.0,156.0,146.0,150.0,156.0,156.0,156.0,152.0,166.0,144.0,142.0,156.0,144.0,154.0,142.0,158.0,162.0,152.0,150.0,160.0,146.0,152.0,146.0,150.0,158.0,156.0,148.0,164.0,152.0,152.0,150.0,172.0,166.0,146.0
1.5486900000000006,12.479230000000001,130.0,140.0,132.0,136.0,126.0,138.0,138.0,136.0,130.0,142.0,142.0,144.0,148.0,148.0,140.0,140.0,150.0,148.0,154.0,156.0,148.0,152.0,150.0,150.0,146.0,174.0,160.0,170.0,162.0,170.0,164.0,160.0,164.0,138.0,154.0,146.0,156.0,154.0,146.0,162.0,164.0,146.0,170.0,160.0,158.0,152.0,168.0,148.0,164.0,156.0,148.0,156.0,154.0,154.0,156.0,168.0,172.0,164.0,154.0,170.0,162.0,158.0,154.0,162.0,144.0,158.0,152.0,170.0,162.0,142.0,154.0,170.0,158.0,172.0,156.0,158.0,162.0,150.0,170.0,158.0,170.0,150.0,164.0,168.0,166.0,152.0,168.0,146.0,170.0,160.0,170.0,170.0,154.0,142.0,164.0,158.0,154.0,158.0,170.0,164.0,162.0,152.0,164.0,140.0,154.0,148.0,164.0,148.0,162.0,150.0,152.0,148.0,144.0,158.0,146.0,154.0,166.0,158.0,154.0,166.0,172.0,162.0,178.0,164.0,172.0,160.0,174.0,154.0,172.0,170.0,160.0,166.0,178.0,178.0,178.0,180.0,166.0,172.0,160.0,158.0,172.0,160.0,166.0,158.0,150.0,156.0,162.0,168.0,170.0,164.0,176.0,156.0,174.0,154.0,156.0,152.0,156.0,160.0,160.0,156.0,168.0,160.0,156.0,166.0,150.0,152.0,164.0,156.0,146.0,156.0,172.0,174.0,150.0,156.0,164.0,172.0,146.0,166.0,156.0,138.0,172.0,168.0,182.0,176.0,174.0,184.0,182.0,164.0,190.0,170.0,180.0,180.0,174.0,170.0,162.0,168.0,162.0,166.0,154.0,180.0,170.0,176.0,166.0,184.0,170.0,168.0,156.0,156.0,176.0,154.0,152.0,154.0,160.0,168.0,178.0,158.0,154.0,176.0,160.0,168.0,162.0,154.0,150.0,166.0,162.0,174.0,186.0,150.0,164.0,148.0,154.0,168.0,152.0,160.0,168.0,166.0,154.0,152.0,156.0,148.0,170.0,178.0,140.0,164.0,156.0,154.0,172.0,158.0,158.0,156.0,160.0,160.0,164.0,166.0,176.0,160.0,162.0,164.0,156.0,150.0,150.0,166.0,168.0,174.0,166.0,148.0,162.0,154.0,170.0,164.0,160.0,172.0,164.0,162.0,166.0,180.0,174.0,168.0,178.0,152.0,158.0,156.0,170.0,160.0,148.0,152.0,168.0,166.0,172.0,160.0,168.0,156.0,160.0,170.0,170.0,164.0,174.0,170.0,164.0,160.0,164.0,152.0,180.0,196.0,166.0,176.0,162.0,156.0,168.0,156.0,166.0,178.0,172.0,162.0,178.0,171.0,164.0,170.0,170.0,178.0,156.0,172.0,172.0,158.0,170.0,162.0,190.0,178.0,176.0,174.0,156.0,178.0,178.0,172.0,182.0,170.0,164.0,182.0,174.0,180.0,168.0,174.0,180.0,164.0,164.0,166.0,172.0,190.0,178.0,170.0,172.0,172.0,174.0,170.0,176.0,174.0,176.0,180.0,170.0,186.0,184.0,206.0,166.0,176.0,186.0,166.0,178.0,186.0,188.0,176.0,198.0,176.0,168.0,198.0,184.0,180.0,172.0,190.0,176.0,184.0,194.0,186.0,176.0,186.0,196.0,164.0,176.0,178.0,184.0,168.0,184.0,192.0,176.0,174.0,190.0,176.0,176.0,172.0,182.0,164.0,174.0,200.0,174.0,182.0,174.0,184.0,168.0,180.0,192.0,180.0,180.0,182.0,176.0,166.0,176.0,194.0,194.0,182.0,194.0,178.0,182.0,188.0,194.0,182.0,194.0,188.0,182.0,186.0,206.0,192.0,188.0,182.0,196.0,178.0,190.0,184.0,192.0,174.0,172.0,194.0,168.0,188.0,166.0,178.0,192.0,194.0,186.0,186.0,176.0,186.0,194.0,196.0,180.0,194.0,196.0,192.0,178.0,196.0,198.0,196.0,190.0,194.0,194.0,196.0,190.0,188.0,198.0,184.0,184.0,200.0,182.0,194.0,196.0,180.0,188.0,180.0,196.0,196.0,198.0,202.0,174.0,192.0,190.0,176.0,184.0,182.0,194.0,188.0,180.0,178.0,194.0,206.0,182.0,190.0,180.0,196.0,184.0,174.0,198.0,174.0,186.0,182.0,180.0,198.0,196.0,178.0,198.0,202.0,180.0,190.0,200.0,192.0,204.0,194.0,202.0,178.0,180.0,178.0,198.0,216.0,194.0,204.0,214.0,216.0,176.0,182.0,194.0,190.0,196.0,164.0,204.0,186.0,182.0,186.0,204.0,198.0,184.0,194.0,190.0,180.0,178.0,190.0,182.0,200.0,194.0,196.0,192.0,192.0,206.0,198.0,178.0,192.0,186.0,196.0,186.0,200.0,178.0,198.0,202.0,196.0,194.0,194.0,192.0,178.0,190.0,206.0,200.0,174.0,194.0,196.0,182.0,194.0,182.0,204.0,200.0,182.0,190.0,208.0,188.0,186.0,180.0,190.0,194.0,188.0,198.0,202.0,200.0,188.0,180.0,194.0,190.0,194.0,220.0,194.0,194.0,192.0,198.0,194.0,200.0,196.0,184.0,194.0,190.0,214.0,204.0,192.0,206.0,192.0,190.0,196.0,202.0,212.0,180.0,200.0,188.0,188.0,198.0,194.0,188.0,200.0,190.0,200.0,206.0,178.0,204.0,206.0,188.0,204.0,214.0,194.0,202.0,202.0,192.0,188.0,196.0,196.0,182.0,208.0,204.0,198.0,178.0,200.0,182.0,218.0,212.0,180.0,170.0,194.0,210.0,206.0,188.0,190.0,206.0,204.0,202.0,184.0,192.0,200.0,204.0,202.0,220.0,192.0,218.0,210.0,196.0,194.0,200.0,208.0,178.0,202.0,180.0,186.0,198.0,200.0,194.0,208.0,202.0,194.0,190.0,210.0,196.0
1.5486900000000006,14.03914,194.0,196.0,188.0,194.0,174.0,192.0,186.0,188.0,206.0,184.0,206.0,196.0,198.0,200.0,188.0,188.0,194.0,210.0,214.0,206.0,216.0,224.0,202.0,212.0,228.0,238.0,242.0,254.0,224.0,248.0,216.0,220.0,246.0,226.0,236.0,230.0,218.0,214.0,214.0,202.0,222.0,188.0,204.0,194.0,206.0,220.0,214.0,216.0,228.0,223.0,218.0,214.0,222.0,202.0,212.0,248.0,216.0,224.0,242.0,216.0,236.0,252.0,216.0,232.0,232.0,224.0,220.0,224.0,220.0,224.0,218.0,222.0,200.0,220.0,232.0,214.0,212.0,220.0,214.0,214.0,228.0,200.0,216.0,220.0,224.0,228.0,234.0,222.0,240.0,196.0,226.0,222.0,224.0,232.0,220.0,234.0,206.0,212.0,212.0,224.0,208.0,218.0,226.0,218.0,228.0,234.0,208.0,210.0,200.0,204.0,224.0,228.0,230.0,202.0,228.0,222.0,230.0,222.0,212.0,240.0,244.0,212.0,224.0,246.0,266.0,244.0,238.0,242.0,244.0,266.0,248.0,252.0,282.0,294.0,274.0,280.0,252.0,248.0,240.0,230.0,254.0,238.0,228.0,236.0,224.0,242.0,226.0,220.0,218.0,222.0,234.0,208.0,256.0,206.0,214.0,224.0,222.0,226.0,238.0,232.0,210.0,232.0,226.0,228.0,210.0,230.0,222.0,226.0,210.0,226.0,228.0,236.0,212.0,210.0,240.0,236.0,234.0,214.0,240.0,218.0,218.0,226.0,222.0,220.0,230.0,220.0,238.0,248.0,246.0,232.0,230.0,232.0,236.0,232.0,238.0,230.0,220.0,216.0,228.0,226.0,234.0,224.0,230.0,228.0,230.0,236.0,234.0,222.0,234.0,224.0,236.0,248.0,228.0,226.0,234.0,244.0,232.0,260.0,214.0,228.0,242.0,244.0,236.0,250.0,234.0,232.0,256.0,250.0,250.0,240.0,246.0,256.0,266.0,252.0,240.0,252.0,226.0,234.0,228.0,220.0,252.0,262.0,254.0,254.0,232.0,246.0,260.0,254.0,232.0,230.0,256.0,244.0,232.0,228.0,248.0,242.0,230.0,230.0,256.0,252.0,258.0,248.0,222.0,246.0,240.0,216.0,248.0,252.0,248.0,244.0,244.0,254.0,244.0,256.0,272.0,254.0,246.0,248.0,244.0,264.0,240.0,250.0,230.0,252.0,246.0,242.0,250.0,254.0,258.0,252.0,254.0,278.0,240.0,262.0,268.0,244.0,264.0,254.0,262.0,270.0,278.0,276.0,274.0,276.0,248.0,264.0,262.0,264.0,246.0,246.0,266.0,238.0,258.0,278.0,260.0,265.0,270.0,256.0,254.0,262.0,252.0,270.0,252.0,284.0,290.0,260.0,264.0,270.0,276.0,276.0,266.0,256.0,266.0,246.0,268.0,262.0,260.0,262.0,268.0,252.0,260.0,282.0,260.0,268.0,282.0,270.0,276.0,268.0,274.0,268.0,270.0,280.0,280.0,264.0,262.0,244.0,274.0,274.0,256.0,264.0,278.0,270.0,282.0,278.0,278.0,274.0,276.0,286.0,272.0,274.0,266.0,292.0,280.0,292.0,280.0,276.0,290.0,250.0,282.0,276.0,262.0,270.0,268.0,282.0,288.0,268.0,290.0,262.0,292.0,272.0,262.0,278.0,286.0,272.0,276.0,282.0,282.0,280.0,288.0,290.0,268.0,270.0,270.0,272.0,288.0,282.0,292.0,274.0,248.0,274.0,276.0,284.0,292.0,302.0,280.0,294.0,282.0,302.0,280.0,284.0,290.0,278.0,274.0,276.0,274.0,304.0,276.0,290.0,288.0,260.0,296.0,276.0,282.0,278.0,298.0,278.0,304.0,294.0,282.0,294.0,278.0,302.0,288.0,264.0,296.0,282.0,286.0,266.0,260.0,266.0,288.0,292.0,268.0,292.0,288.0,302.0,274.0,298.0,300.0,282.0,274.0,270.0,288.0,296.0,296.0,288.0,304.0,284.0,294.0,292.0,302.0,280.0,290.0,280.0,288.0,296.0,280.0,292.0,286.0,292.0,288.0,288.0,288.0,286.0,282.0,296.0,292.0,294.0,300.0,280.0,288.0,292.0,306.0,316.0,310.0,294.0,296.0,284.0,266.0,308.0,284.0,296.0,296.0,302.0,288.0,302.0,308.0,292.0,302.0,318.0,276.0,294.0,308.0,314.0,300.0,320.0,284.0,292.0,302.0,322.0,302.0,296.0,306.0,286.0,300.0,280.0,314.0,300.0,288.0,294.0,278.0,300.0,314.0,302.0,302.0,314.0,290.0,300.0,304.0,296.0,288.0,286.0,296.0,284.0,292.0,296.0,288.0,302.0,296.0,312.0,300.0,292.0,294.0,308.0,312.0,304.0,308.0,308.0,298.0,274.0,298.0,294.0,280.0,290.0,316.0,298.0,296.0,300.0,278.0,290.0,292.0,322.0,298.0,316.0,302.0,288.0,312.0,302.0,308.0,302.0,302.0,298.0,300.0,300.0,292.0,262.0,288.0,300.0,310.0,312.0,302.0,304.0,312.0,316.0,318.0,288.0,318.0,302.0,296.0,310.0,292.0,296.0,296.0,304.0,314.0,298.0,314.0,308.0,326.0,296.0,296.0,310.0,306.0,320.0,320.0,314.0,324.0,300.0,314.0,284.0,342.0,282.0,288.0,328.0,314.0,304.0,308.0,316.0,302.0,296.0,306.0,298.0,310.0,310.0,294.0,314.0,314.0,320.0,300.0,306.0,316.0,336.0,308.0,314.0,326.0,320.0,288.0,312.0,312.0,316.0,308.0,316.0,324.0,286.0,300.0,308.0,318.0,304.0,326.0,306.0,312.0,314.0,320.0,304.0,294.0,318.0,302.0,300.0,298.0,328.0,304.0,300.0,318.0,320.0,312.0,302.0,324.0,302.0,292.0,328.0,308.0
3.09739,0.0,116.0,110.0,82.0,98.0,108.0,108.0,96.0,114.0,100.0,102.0,90.0,98.0,102.0,100.0,104.0,108.0,110.0,118.0,132.0,128.0,110.0,132.0,118.0,124.0,132.0,128.0,128.0,132.0,126.0,130.0,142.0,130.0,136.0,124.0,122.0,112.0,114.0,116.0,116.0,116.0,124.0,114.0,108.0,102.0,118.0,124.0,110.0,94.0,108.0,117.0,126.0,120.0,116.0,116.0,130.0,126.0,130.0,134.0,148.0,124.0,138.0,142.0,122.0,122.0,130.0,106.0,122.0,96.0,110.0,106.0,110.0,116.0,118.0,120.0,122.0,130.0,124.0,102.0,120.0,114.0,120.0,122.0,114.0,112.0,120.0,122.0,116.0,110.0,130.0,114.0,136.0,110.0,118.0,126.0,120.0,118.0,102.0,108.0,114.0,122.0,112.0,114.0,106.0,110.0,108.0,114.0,112.0,108.0,110.0,100.0,112.0,112.0,102.0,120.0,100.0,110.0,118.0,110.0,126.0,116.0,118.0,116.0,130.0,132.0,132.0,136.0,138.0,132.0,110.0,134.0,126.0,146.0,146.0,156.0,146.0,160.0,146.0,134.0,118.0,136.0,120.0,124.0,120.0,120.0,116.0,118.0,116.0,98.0,112.0,104.0,118.0,120.0,122.0,126.0,112.0,108.0,122.0,104.0,110.0,110.0,120.0,112.0,106.0,128.0,114.0,108.0,96.0,118.0,98.0,112.0,120.0,110.0,102.0,116.0,106.0,114.0,114.0,122.0,118.0,110.0,120.0,114.0,104.0,128.0,116.0,132.0,140.0,122.0,124.0,122.0,114.0,126.0,122.0,124.0,116.0,116.0,130.0,118.0,112.0,128.0,116.0,98.0,116.0,112.0,108.0,122.0,122.0,114.0,116.0,114.0,120.0,108.0,112.0,120.0,108.0,106.0,114.0,120.0,116.0,108.0,104.0,106.0,124.0,110.0,116.0,118.0,112.0,124.0,126.0,120.0,108.0,110.0,110.0,120.0,116.0,110.0,116.0,120.0,106.0,116.0,106.0,110.0,112.0,108.0,118.0,110.0,112.0,106.0,120.0,106.0,124.0,122.0,120.0,108.0,116.0,118.0,118.0,124.0,102.0,118.0,108.0,124.0,96.0,102.0,116.0,114.0,108.0,110.0,116.0,102.0,124.0,112.0,110.0,116.0,134.0,102.0,118.0,116.0,126.0,120.0,128.0,138.0,120.0,136.0,112.0,114.0,124.0,104.0,116.0,128.0,122.0,116.0,126.0,126.0,116.0,134.0,130.0,114.0,128.0,128.0,112.0,130.0,142.0,122.0,138.0,124.0,132.0,138.0,124.0,118.0,126.0,130.0,122.0,128.0,132.0,124.0,116.0,136.0,114.0,114.0,134.0,134.0,116.0,122.0,118.0,120.0,130.0,126.0,112.0,118.0,124.0,126.0,132.0,106.0,128.0,142.0,136.0,122.0,142.0,130.0,126.0,124.0,130.0,126.0,132.0,116.0,128.0,130.0,126.0,124.0,130.0,140.0,132.0,118.0,132.0,136.0,122.0,138.0,130.0,140.0,120.0,116.0,122.0,130.0,146.0,134.0,140.0,140.0,126.0,128.0,136.0,116.0,140.0,142.0,134.0,124.0,116.0,112.0,146.0,130.0,126.0,128.0,142.0,128.0,130.0,140.0,146.0,128.0,134.0,144.0,140.0,134.0,136.0,134.0,132.0,128.0,128.0,138.0,114.0,130.0,132.0,146.0,132.0,124.0,134.0,138.0,136.0,140.0,138.0,126.0,136.0,132.0,152.0,124.0,124.0,122.0,132.0,140.0,128.0,122.0,136.0,144.0,128.0,132.0,124.0,146.0,130.0,148.0,132.0,142.0,142.0,132.0,140.0,132.0,138.0,144.0,142.0,128.0,126.0,122.0,142.0,138.0,150.0,138.0,120.0,130.0,142.0,128.0,130.0,146.0,132.0,140.0,140.0,132.0,120.0,138.0,140.0,142.0,150.0,152.0,132.0,128.0,142.0,144.0,140.0,154.0,122.0,132.0,138.0,146.0,144.0,140.0,128.0,148.0,142.0,154.0,152.0,142.0,148.0,130.0,140.0,132.0,154.0,140.0,142.0,152.0,136.0,134.0,136.0,130.0,138.0,132.0,142.0,142.0,152.0,150.0,144.0,136.0,150.0,146.0,134.0,138.0,130.0,144.0,136.0,138.0,130.0,132.0,144.0,142.0,146.0,146.0,150.0,144.0,136.0,148.0,130.0,150.0,148.0,138.0,150.0,130.0,156.0,140.0,132.0,160.0,146.0,164.0,150.0,134.0,144.0,148.0,142.0,136.0,136.0,146.0,142.0,136.0,140.0,142.0,120.0,142.0,154.0,136.0,142.0,154.0,140.0,150.0,152.0,144.0,150.0,148.0,136.0,148.0,150.0,144.0,146.0,150.0,140.0,138.0,132.0,130.0,128.0,142.0,140.0,142.0,146.0,140.0,124.0,160.0,152.0,158.0,134.0,156.0,154.0,126.0,158.0,140.0,156.0,148.0,148.0,148.0,142.0,146.0,156.0,152.0,144.0,156.0,148.0,154.0,156.0,166.0,156.0,148.0,150.0,156.0,150.0,138.0,144.0,148.0,170.0,146.0,132.0,146.0,150.0,150.0,136.0,154.0,164.0,158.0,160.0,156.0,148.0,138.0,142.0,154.0,134.0,134.0,158.0,148.0,142.0,144.0,142.0,132.0,152.0,134.0,150.0,138.0,154.0,138.0,140.0,156.0,142.0,148.0,146.0,138.0,148.0,162.0,158.0,150.0,158.0,140.0,142.0,160.0,158.0,158.0,152.0,150.0,162.0,144.0,156.0,146.0,156.0,142.0,148.0,148.0,148.0,142.0,168.0,156.0,154.0,158.0,154.0,148.0,150.0,148.0,158.0,156.0,152.0,152.0,156.0,160.0,152.0,164.0,144.0,144.0,152.0,156.0,160.0,160.0,152.0
3.09739,1.5599100000000004,90.0,88.0,84.0,88.0,72.0,84.0,84.0,76.0,88.0,86.0,82.0,82.0,88.0,90.0,80.0,94.0,92.0,100.0,106.0,100.0,90.0,102.0,104.0,114.0,100.0,114.0,106.0,108.0,108.0,116.0,108.0,114.0,120.0,120.0,96.0,108.0,106.0,94.0,104.0,98.0,94.0,86.0,94.0,90.0,94.0,96.0,88.0,100.0,104.0,102.0,100.0,98.0,96.0,100.0,112.0,112.0,118.0,110.0,110.0,122.0,114.0,106.0,114.0,90.0,98.0,90.0,94.0,96.0,90.0,100.0,88.0,94.0,92.0,98.0,102.0,108.0,102.0,106.0,92.0,92.0,94.0,92.0,102.0,94.0,94.0,106.0,90.0,108.0,94.0,102.0,106.0,92.0,94.0,92.0,104.0,96.0,88.0,90.0,96.0,94.0,88.0,102.0,94.0,86.0,90.0,94.0,88.0,78.0,90.0,94.0,80.0,84.0,84.0,90.0,90.0,90.0,96.0,88.0,86.0,92.0,94.0,92.0,104.0,108.0,106.0,98.0,110.0,96.0,106.0,108.0,120.0,126.0,128.0,142.0,136.0,126.0,120.0,110.0,102.0,110.0,94.0,102.0,86.0,102.0,90.0,90.0,86.0,90.0,92.0,94.0,96.0,100.0,94.0,100.0,102.0,94.0,94.0,94.0,94.0,84.0,82.0,82.0,82.0,84.0,88.0,84.0,80.0,94.0,90.0,96.0,78.0,90.0,96.0,92.0,90.0,88.0,98.0,90.0,92.0,86.0,92.0,100.0,92.0,104.0,108.0,98.0,104.0,100.0,108.0,90.0,96.0,102.0,100.0,98.0,98.0,80.0,98.0,92.0,86.0,100.0,82.0,96.0,92.0,96.0,88.0,98.0,82.0,96.0,90.0,92.0,98.0,96.0,86.0,100.0,84.0,88.0,96.0,92.0,100.0,84.0,104.0,100.0,96.0,94.0,98.0,94.0,98.0,88.0,98.0,98.0,94.0,94.0,94.0,98.0,96.0,96.0,86.0,94.0,94.0,86.0,90.0,68.0,90.0,96.0,96.0,78.0,100.0,84.0,84.0,94.0,86.0,96.0,86.0,92.0,92.0,94.0,88.0,96.0,102.0,102.0,98.0,100.0,98.0,88.0,84.0,90.0,96.0,92.0,96.0,98.0,94.0,86.0,104.0,96.0,86.0,96.0,92.0,96.0,92.0,82.0,94.0,98.0,98.0,102.0,96.0,100.0,98.0,100.0,96.0,102.0,102.0,96.0,96.0,100.0,104.0,100.0,104.0,92.0,108.0,110.0,102.0,106.0,100.0,104.0,104.0,100.0,98.0,94.0,104.0,100.0,122.0,104.0,108.0,90.0,102.0,102.0,102.0,98.0,100.0,106.0,118.0,104.0,102.0,98.0,104.0,98.0,110.0,106.0,104.0,102.0,96.0,110.0,102.0,106.0,100.0,96.0,106.0,102.0,106.0,100.0,106.0,98.0,114.0,100.0,100.0,100.0,98.0,108.0,98.0,100.0,100.0,106.0,106.0,110.0,102.0,104.0,108.0,102.0,100.0,110.0,88.0,108.0,96.0,112.0,88.0,104.0,106.0,90.0,114.0,102.0,108.0,94.0,112.0,104.0,104.0,98.0,96.0,106.0,110.0,106.0,98.0,110.0,112.0,102.0,104.0,124.0,110.0,102.0,98.0,102.0,96.0,110.0,122.0,92.0,100.0,116.0,108.0,104.0,106.0,102.0,104.0,112.0,106.0,106.0,104.0,106.0,110.0,100.0,110.0,92.0,100.0,94.0,104.0,104.0,106.0,108.0,106.0,106.0,110.0,110.0,112.0,92.0,112.0,108.0,102.0,110.0,106.0,108.0,120.0,106.0,102.0,116.0,112.0,90.0,100.0,104.0,112.0,112.0,106.0,104.0,102.0,102.0,98.0,106.0,116.0,116.0,120.0,102.0,114.0,104.0,110.0,102.0,120.0,106.0,100.0,94.0,114.0,104.0,110.0,118.0,122.0,108.0,112.0,110.0,110.0,112.0,114.0,102.0,108.0,114.0,116.0,116.0,130.0,118.0,120.0,116.0,110.0,114.0,122.0,104.0,112.0,98.0,118.0,98.0,132.0,122.0,104.0,118.0,108.0,116.0,114.0,118.0,106.0,108.0,118.0,114.0,112.0,100.0,114.0,112.0,112.0,120.0,116.0,114.0,116.0,112.0,128.0,112.0,106.0,114.0,114.0,108.0,108.0,124.0,120.0,124.0,110.0,108.0,116.0,112.0,116.0,112.0,114.0,116.0,112.0,104.0,112.0,120.0,108.0,132.0,108.0,112.0,114.0,112.0,116.0,112.0,128.0,120.0,114.0,118.0,114.0,120.0,114.0,114.0,108.0,112.0,114.0,98.0,118.0,110.0,106.0,122.0,122.0,108.0,108.0,110.0,112.0,126.0,116.0,116.0,118.0,114.0,104.0,114.0,106.0,108.0,118.0,120.0,102.0,116.0,110.0,116.0,120.0,108.0,116.0,118.0,114.0,118.0,124.0,122.0,120.0,112.0,112.0,110.0,116.0,118.0,116.0,106.0,126.0,118.0,132.0,118.0,114.0,110.0,112.0,114.0,124.0,128.0,128.0,116.0,118.0,126.0,108.0,138.0,106.0,100.0,114.0,122.0,120.0,122.0,132.0,114.0,114.0,112.0,118.0,118.0,120.0,124.0,122.0,128.0,130.0,120.0,110.0,124.0,120.0,118.0,102.0,120.0,120.0,126.0,118.0,128.0,130.0,118.0,124.0,124.0,114.0,122.0,124.0,124.0,120.0,116.0,110.0,116.0,122.0,126.0,128.0,132.0,118.0,106.0,112.0,120.0,114.0,116.0,116.0,128.0,110.0,122.0,116.0,120.0,120.0,116.0,110.0,130.0,126.0,122.0,114.0,116.0,136.0,118.0,106.0,130.0,114.0,122.0,118.0,122.0,124.0,114.0,126.0,120.0,126.0
3.09739,3.11981,110.0,104.0,100.0,96.0,92.0,86.0,104.0,94.0,94.0,92.0,96.0,96.0,86.0,86.0,104.0,88.0,104.0,114.0,100.0,116.0,112.0,102.0,106.0,114.0,106.0,108.0,126.0,118.0,108.0,116.0,124.0,120.0,116.0,110.0,114.0,118.0,104.0,98.0,100.0,106.0,104.0,94.0,96.0,102.0,88.0,100.0,96.0,108.0,108.0,105.0,102.0,108.0,102.0,114.0,118.0,114.0,102.0,118.0,124.0,116.0,134.0,124.0,114.0,102.0,108.0,114.0,94.0,108.0,108.0,100.0,112.0,112.0,106.0,102.0,112.0,116.0,100.0,110.0,92.0,108.0,102.0,100.0,112.0,114.0,102.0,106.0,108.0,106.0,98.0,116.0,110.0,118.0,112.0,106.0,102.0,112.0,104.0,104.0,100.0,110.0,100.0,98.0,106.0,88.0,104.0,100.0,94.0,98.0,106.0,94.0,94.0,98.0,96.0,104.0,110.0,110.0,102.0,98.0,96.0,90.0,112.0,110.0,122.0,110.0,118.0,118.0,110.0,124.0,114.0,114.0,122.0,144.0,144.0,146.0,146.0,128.0,120.0,120.0,122.0,100.0,120.0,96.0,108.0,100.0,82.0,104.0,114.0,94.0,102.0,98.0,102.0,106.0,104.0,102.0,96.0,108.0,100.0,98.0,110.0,96.0,98.0,104.0,106.0,96.0,92.0,94.0,102.0,108.0,106.0,96.0,98.0,98.0,100.0,110.0,98.0,100.0,94.0,114.0,110.0,110.0,108.0,110.0,102.0,102.0,108.0,114.0,104.0,112.0,98.0,106.0,110.0,104.0,104.0,102.0,104.0,116.0,114.0,104.0,110.0,98.0,118.0,100.0,90.0,106.0,100.0,102.0,104.0,98.0,104.0,104.0,106.0,102.0,96.0,100.0,108.0,106.0,116.0,110.0,108.0,98.0,100.0,108.0,98.0,114.0,106.0,96.0,122.0,96.0,112.0,100.0,118.0,104.0,106.0,122.0,108.0,100.0,102.0,108.0,106.0,108.0,104.0,100.0,104.0,102.0,90.0,104.0,104.0,114.0,106.0,96.0,104.0,104.0,104.0,96.0,118.0,118.0,106.0,114.0,100.0,102.0,108.0,98.0,108.0,104.0,110.0,112.0,114.0,116.0,110.0,120.0,106.0,118.0,106.0,110.0,118.0,110.0,96.0,112.0,128.0,116.0,114.0,116.0,104.0,106.0,116.0,100.0,108.0,122.0,108.0,96.0,106.0,114.0,104.0,108.0,102.0,120.0,112.0,118.0,116.0,120.0,118.0,118.0,114.0,116.0,98.0,118.0,128.0,114.0,114.0,122.0,102.0,116.0,124.0,110.0,118.0,119.0,120.0,124.0,106.0,112.0,120.0,112.0,130.0,118.0,110.0,122.0,132.0,108.0,112.0,106.0,100.0,120.0,122.0,104.0,128.0,120.0,118.0,122.0,120.0,110.0,112.0,118.0,100.0,114.0,130.0,114.0,132.0,122.0,112.0,112.0,116.0,114.0,120.0,114.0,114.0,114.0,122.0,124.0,112.0,110.0,124.0,126.0,132.0,108.0,118.0,130.0,118.0,118.0,128.0,110.0,122.0,120.0,116.0,116.0,112.0,118.0,132.0,106.0,122.0,128.0,118.0,124.0,122.0,128.0,122.0,126.0,120.0,130.0,128.0,122.0,124.0,132.0,118.0,132.0,118.0,132.0,128.0,138.0,122.0,130.0,122.0,122.0,116.0,130.0,116.0,126.0,128.0,134.0,122.0,126.0,136.0,126.0,118.0,142.0,124.0,134.0,116.0,118.0,122.0,140.0,128.0,126.0,122.0,120.0,122.0,114.0,126.0,114.0,108.0,136.0,136.0,120.0,124.0,116.0,124.0,130.0,122.0,124.0,110.0,132.0,136.0,118.0,134.0,118.0,138.0,128.0,132.0,124.0,124.0,126.0,132.0,128.0,126.0,134.0,122.0,128.0,136.0,140.0,136.0,128.0,124.0,126.0,134.0,128.0,120.0,142.0,114.0,122.0,124.0,116.0,126.0,130.0,120.0,134.0,136.0,120.0,140.0,124.0,142.0,138.0,120.0,126.0,128.0,128.0,124.0,120.0,122.0,118.0,122.0,116.0,130.0,124.0,126.0,132.0,134.0,112.0,138.0,136.0,120.0,132.0,132.0,128.0,140.0,140.0,140.0,138.0,130.0,126.0,138.0,130.0,144.0,132.0,134.0,146.0,142.0,126.0,128.0,132.0,132.0,130.0,126.0,124.0,132.0,142.0,132.0,130.0,134.0,148.0,144.0,134.0,140.0,144.0,138.0,134.0,118.0,116.0,142.0,130.0,134.0,140.0,136.0,132.0,136.0,120.0,134.0,144.0,138.0,140.0,140.0,130.0,128.0,128.0,134.0,124.0,138.0,128.0,146.0,140.0,154.0,144.0,126.0,146.0,130.0,136.0,140.0,138.0,128.0,144.0,126.0,144.0,130.0,132.0,140.0,128.0,134.0,146.0,138.0,136.0,144.0,138.0,136.0,128.0,144.0,132.0,136.0,138.0,132.0,154.0,140.0,136.0,144.0,128.0,132.0,136.0,138.0,126.0,152.0,134.0,140.0,148.0,126.0,144.0,150.0,136.0,132.0,150.0,134.0,154.0,144.0,150.0,136.0,146.0,130.0,134.0,136.0,134.0,142.0,146.0,130.0,142.0,132.0,150.0,154.0,146.0,132.0,152.0,138.0,128.0,136.0,140.0,132.0,142.0,144.0,138.0,134.0,130.0,136.0,160.0,142.0,140.0,134.0,144.0,136.0,152.0,146.0,126.0,136.0,134.0,150.0,158.0,140.0,146.0,132.0,152.0,138.0,150.0,142.0,142.0,132.0,132.0,150.0,140.0,134.0,154.0,142.0,138.0,156.0,154.0,138.0,136.0,162.0,154.0,140.0,136.0,142.0,140.0,138.0,158.0,146.0,132.0,140.0
3.09739,4.6797200000000005,108.0,112.0,102.0,120.0,104.0,118.0,114.0,112.0,98.0,110.0,114.0,112.0,116.0,112.0,110.0,118.0,120.0,122.0,138.0,126.0,118.0,134.0,130.0,132.0,132.0,136.0,132.0,144.0,128.0,148.0,134.0,138.0,138.0,134.0,132.0,132.0,126.0,126.0,126.0,128.0,128.0,118.0,118.0,116.0,124.0,112.0,114.0,122.0,122.0,115.0,108.0,146.0,130.0,116.0,136.0,138.0,142.0,134.0,140.0,148.0,134.0,134.0,124.0,122.0,120.0,130.0,118.0,128.0,130.0,116.0,122.0,132.0,116.0,128.0,122.0,114.0,124.0,124.0,126.0,128.0,118.0,128.0,138.0,136.0,132.0,118.0,130.0,130.0,122.0,122.0,108.0,116.0,130.0,130.0,132.0,126.0,120.0,128.0,112.0,126.0,118.0,112.0,118.0,108.0,112.0,108.0,124.0,114.0,116.0,118.0,126.0,110.0,128.0,124.0,114.0,116.0,116.0,108.0,126.0,138.0,142.0,120.0,114.0,140.0,144.0,136.0,138.0,128.0,138.0,138.0,140.0,146.0,156.0,160.0,164.0,168.0,154.0,146.0,130.0,128.0,134.0,128.0,120.0,126.0,124.0,124.0,136.0,116.0,116.0,124.0,114.0,128.0,114.0,112.0,114.0,120.0,136.0,114.0,122.0,122.0,128.0,120.0,108.0,126.0,132.0,118.0,104.0,118.0,122.0,126.0,134.0,108.0,118.0,134.0,110.0,126.0,124.0,116.0,112.0,128.0,124.0,108.0,138.0,118.0,118.0,126.0,130.0,116.0,118.0,124.0,142.0,122.0,120.0,128.0,116.0,130.0,136.0,132.0,132.0,128.0,122.0,136.0,124.0,136.0,122.0,132.0,126.0,122.0,114.0,122.0,128.0,138.0,118.0,140.0,126.0,122.0,130.0,114.0,122.0,124.0,132.0,134.0,134.0,124.0,128.0,122.0,122.0,112.0,140.0,130.0,132.0,120.0,128.0,124.0,132.0,122.0,140.0,120.0,134.0,142.0,112.0,128.0,132.0,126.0,134.0,130.0,128.0,124.0,134.0,132.0,116.0,128.0,120.0,124.0,128.0,130.0,128.0,124.0,130.0,138.0,126.0,126.0,146.0,136.0,112.0,122.0,142.0,128.0,136.0,130.0,130.0,128.0,134.0,118.0,120.0,138.0,120.0,138.0,124.0,130.0,126.0,140.0,144.0,144.0,136.0,134.0,128.0,132.0,122.0,130.0,146.0,148.0,140.0,140.0,124.0,142.0,146.0,140.0,150.0,158.0,148.0,134.0,136.0,150.0,138.0,132.0,142.0,150.0,146.0,136.0,134.0,150.0,134.0,152.0,146.0,152.0,158.0,146.0,156.0,146.0,138.0,144.0,152.0,142.0,148.0,136.0,142.0,146.0,150.0,144.0,150.0,140.0,146.0,144.0,142.0,148.0,132.0,130.0,138.0,128.0,124.0,142.0,158.0,154.0,150.0,138.0,140.0,134.0,154.0,136.0,134.0,140.0,140.0,146.0,150.0,158.0,132.0,146.0,154.0,146.0,142.0,136.0,136.0,134.0,148.0,142.0,148.0,148.0,152.0,144.0,158.0,146.0,146.0,158.0,160.0,138.0,140.0,160.0,142.0,162.0,152.0,148.0,136.0,134.0,148.0,156.0,142.0,150.0,136.0,156.0,150.0,140.0,144.0,160.0,154.0,144.0,144.0,148.0,156.0,148.0,140.0,154.0,152.0,144.0,144.0,136.0,152.0,140.0,162.0,160.0,134.0,156.0,148.0,144.0,136.0,150.0,142.0,154.0,154.0,160.0,158.0,150.0,164.0,138.0,148.0,156.0,154.0,158.0,150.0,164.0,162.0,152.0,154.0,150.0,158.0,172.0,172.0,162.0,138.0,158.0,160.0,154.0,156.0,172.0,150.0,160.0,166.0,148.0,150.0,152.0,150.0,162.0,144.0,166.0,154.0,158.0,174.0,152.0,160.0,166.0,146.0,154.0,150.0,160.0,150.0,154.0,160.0,172.0,152.0,154.0,170.0,140.0,168.0,152.0,166.0,164.0,164.0,148.0,148.0,144.0,160.0,152.0,150.0,172.0,166.0,174.0,148.0,160.0,162.0,146.0,154.0,162.0,158.0,168.0,160.0,184.0,170.0,146.0,178.0,158.0,164.0,166.0,156.0,162.0,162.0,162.0,172.0,164.0,164.0,158.0,156.0,184.0,160.0,162.0,168.0,186.0,158.0,178.0,160.0,174.0,176.0,160.0,160.0,176.0,174.0,176.0,168.0,162.0,164.0,152.0,164.0,172.0,156.0,168.0,168.0,174.0,166.0,170.0,162.0,164.0,160.0,164.0,164.0,166.0,160.0,158.0,158.0,180.0,170.0,174.0,164.0,176.0,166.0,164.0,180.0,172.0,156.0,172.0,156.0,166.0,158.0,168.0,156.0,166.0,156.0,164.0,162.0,156.0,154.0,160.0,160.0,176.0,174.0,162.0,156.0,178.0,170.0,158.0,172.0,164.0,172.0,164.0,162.0,180.0,170.0,164.0,160.0,174.0,168.0,182.0,178.0,170.0,168.0,162.0,168.0,182.0,188.0,166.0,166.0,186.0,158.0,164.0,176.0,176.0,168.0,170.0,152.0,168.0,198.0,174.0,168.0,186.0,164.0,168.0,182.0,172.0,176.0,158.0,166.0,172.0,170.0,170.0,190.0,182.0,178.0,176.0,186.0,170.0,178.0,174.0,174.0,172.0,166.0,176.0,178.0,166.0,174.0,176.0,186.0,184.0,178.0,176.0,194.0,152.0,188.0,174.0,176.0,186.0,176.0,190.0,172.0,182.0,188.0,176.0,180.0,168.0,186.0,196.0,188.0,170.0,190.0,174.0,172.0,166.0,188.0,176.0,188.0,188.0,174.0,182.0,158.0,182.0,184.0,174.0,186.0,174.0,178.0,204.0,190.0,188.0,182.0
3.09739,6.23962,136.0,154.0,146.0,144.0,150.0,132.0,126.0,148.0,148.0,156.0,144.0,142.0,140.0,150.0,160.0,146.0,158.0,152.0,148.0,160.0,144.0,142.0,154.0,166.0,154.0,166.0,168.0,154.0,176.0,170.0,150.0,174.0,162.0,158.0,158.0,162.0,170.0,160.0,182.0,158.0,158.0,162.0,154.0,140.0,152.0,156.0,154.0,166.0,158.0,165.0,172.0,162.0,168.0,162.0,160.0,162.0,154.0,168.0,170.0,178.0,182.0,160.0,170.0,156.0,158.0,170.0,152.0,162.0,162.0,142.0,152.0,152.0,172.0,170.0,170.0,170.0,160.0,158.0,156.0,144.0,174.0,176.0,164.0,168.0,162.0,176.0,174.0,166.0,174.0,158.0,186.0,174.0,164.0,160.0,166.0,166.0,160.0,174.0,162.0,164.0,154.0,154.0,156.0,156.0,152.0,156.0,152.0,150.0,156.0,166.0,144.0,148.0,172.0,158.0,160.0,148.0,156.0,156.0,158.0,166.0,172.0,150.0,172.0,170.0,166.0,164.0,168.0,184.0,166.0,172.0,168.0,184.0,166.0,190.0,194.0,186.0,184.0,174.0,172.0,168.0,156.0,180.0,170.0,164.0,160.0,164.0,154.0,156.0,170.0,156.0,168.0,168.0,164.0,164.0,166.0,168.0,164.0,166.0,170.0,160.0,166.0,158.0,170.0,152.0,170.0,158.0,172.0,162.0,158.0,182.0,162.0,158.0,154.0,160.0,178.0,156.0,180.0,148.0,156.0,164.0,162.0,176.0,170.0,172.0,164.0,166.0,168.0,184.0,172.0,172.0,150.0,172.0,180.0,178.0,170.0,158.0,162.0,152.0,160.0,166.0,172.0,166.0,162.0,166.0,176.0,166.0,152.0,174.0,170.0,170.0,170.0,174.0,178.0,170.0,168.0,162.0,164.0,166.0,160.0,164.0,178.0,170.0,164.0,176.0,162.0,172.0,166.0,184.0,182.0,186.0,160.0,178.0,174.0,182.0,166.0,172.0,156.0,184.0,160.0,188.0,168.0,172.0,182.0,166.0,168.0,172.0,190.0,168.0,184.0,176.0,172.0,176.0,172.0,154.0,184.0,182.0,182.0,182.0,186.0,200.0,166.0,182.0,186.0,168.0,184.0,192.0,188.0,168.0,174.0,178.0,190.0,184.0,182.0,180.0,184.0,176.0,178.0,158.0,180.0,182.0,174.0,180.0,202.0,178.0,188.0,182.0,184.0,206.0,192.0,188.0,190.0,192.0,192.0,176.0,190.0,182.0,192.0,182.0,178.0,172.0,198.0,188.0,186.0,186.0,200.0,198.0,194.0,198.0,180.0,180.0,194.0,206.0,198.0,194.0,202.0,196.0,190.0,188.0,178.0,188.0,188.0,194.0,192.0,194.0,212.0,196.0,186.0,190.0,190.0,200.0,192.0,218.0,200.0,194.0,186.0,202.0,188.0,220.0,218.0,204.0,186.0,200.0,212.0,178.0,210.0,194.0,182.0,204.0,190.0,196.0,206.0,200.0,198.0,202.0,192.0,214.0,202.0,188.0,218.0,206.0,186.0,214.0,194.0,216.0,204.0,196.0,218.0,196.0,210.0,222.0,198.0,206.0,180.0,208.0,212.0,218.0,212.0,206.0,218.0,214.0,194.0,204.0,212.0,228.0,214.0,212.0,220.0,200.0,208.0,210.0,200.0,202.0,192.0,218.0,206.0,204.0,194.0,202.0,204.0,212.0,220.0,220.0,222.0,202.0,208.0,190.0,200.0,198.0,206.0,208.0,194.0,210.0,210.0,210.0,218.0,204.0,210.0,230.0,216.0,204.0,222.0,202.0,214.0,224.0,220.0,224.0,222.0,216.0,224.0,222.0,212.0,210.0,226.0,208.0,220.0,210.0,222.0,210.0,216.0,210.0,226.0,216.0,214.0,230.0,224.0,216.0,208.0,230.0,210.0,218.0,216.0,222.0,200.0,210.0,210.0,224.0,222.0,192.0,224.0,234.0,202.0,226.0,240.0,230.0,226.0,238.0,220.0,208.0,200.0,210.0,240.0,228.0,216.0,214.0,224.0,226.0,232.0,244.0,196.0,210.0,226.0,220.0,226.0,220.0,216.0,248.0,246.0,236.0,198.0,220.0,234.0,226.0,212.0,236.0,214.0,216.0,212.0,226.0,224.0,214.0,228.0,232.0,238.0,220.0,242.0,224.0,252.0,218.0,216.0,210.0,236.0,224.0,242.0,236.0,220.0,236.0,240.0,240.0,238.0,232.0,228.0,228.0,236.0,250.0,252.0,216.0,242.0,240.0,244.0,238.0,252.0,258.0,246.0,246.0,240.0,206.0,228.0,242.0,250.0,238.0,240.0,242.0,228.0,210.0,218.0,214.0,240.0,234.0,234.0,244.0,242.0,232.0,230.0,220.0,232.0,228.0,230.0,228.0,250.0,244.0,238.0,222.0,222.0,242.0,238.0,260.0,224.0,216.0,214.0,218.0,230.0,260.0,246.0,226.0,242.0,226.0,242.0,246.0,252.0,252.0,228.0,232.0,216.0,252.0,240.0,268.0,244.0,246.0,238.0,260.0,238.0,256.0,246.0,246.0,236.0,250.0,222.0,258.0,224.0,248.0,214.0,236.0,226.0,242.0,234.0,246.0,240.0,234.0,258.0,238.0,250.0,230.0,248.0,252.0,256.0,238.0,232.0,246.0,242.0,250.0,264.0,246.0,226.0,220.0,240.0,234.0,252.0,248.0,246.0,242.0,254.0,244.0,240.0,226.0,238.0,228.0,236.0,242.0,242.0,224.0,252.0,238.0,252.0,260.0,262.0,240.0,244.0,232.0,246.0,254.0,250.0,258.0,232.0,240.0,226.0,246.0,242.0,234.0,250.0,238.0,236.0,244.0,252.0,236.0,266.0,234.0,246.0,244.0,234.0,248.0,246.0,266.0,254.0,238.0,232.0,260.0,248.0,246.0,242.0,234.0,232.0
3.09739,7.799523000000001,120.0,130.0,138.0,136.0,140.0,134.0,126.0,136.0,126.0,128.0,124.0,136.0,124.0,142.0,114.0,130.0,138.0,140.0,152.0,140.0,144.0,142.0,156.0,160.0,166.0,146.0,170.0,144.0,144.0,138.0,162.0,166.0,148.0,142.0,150.0,148.0,152.0,144.0,152.0,142.0,126.0,148.0,144.0,138.0,142.0,148.0,132.0,156.0,142.0,143.0,144.0,140.0,148.0,150.0,164.0,146.0,156.0,156.0,166.0,158.0,156.0,138.0,146.0,146.0,150.0,134.0,152.0,140.0,130.0,140.0,148.0,128.0,134.0,150.0,152.0,150.0,152.0,146.0,150.0,138.0,156.0,132.0,160.0,164.0,142.0,148.0,160.0,166.0,154.0,146.0,150.0,154.0,140.0,136.0,134.0,148.0,134.0,154.0,156.0,144.0,144.0,146.0,156.0,134.0,154.0,140.0,138.0,150.0,148.0,140.0,132.0,128.0,144.0,148.0,138.0,144.0,132.0,136.0,156.0,142.0,146.0,144.0,148.0,152.0,152.0,162.0,158.0,164.0,162.0,138.0,160.0,168.0,172.0,176.0,188.0,166.0,146.0,154.0,152.0,154.0,158.0,164.0,160.0,142.0,148.0,148.0,144.0,154.0,152.0,134.0,156.0,152.0,162.0,148.0,138.0,156.0,150.0,160.0,132.0,146.0,144.0,132.0,154.0,156.0,144.0,146.0,154.0,134.0,148.0,152.0,142.0,164.0,148.0,148.0,152.0,144.0,154.0,154.0,138.0,146.0,132.0,144.0,154.0,162.0,156.0,154.0,158.0,152.0,144.0,140.0,148.0,156.0,154.0,138.0,154.0,156.0,150.0,150.0,174.0,162.0,160.0,158.0,142.0,152.0,148.0,154.0,158.0,160.0,152.0,154.0,168.0,162.0,148.0,166.0,158.0,162.0,166.0,162.0,144.0,166.0,166.0,158.0,150.0,160.0,160.0,152.0,152.0,152.0,154.0,162.0,162.0,162.0,140.0,174.0,166.0,152.0,168.0,154.0,162.0,154.0,170.0,158.0,154.0,158.0,146.0,170.0,166.0,168.0,164.0,162.0,152.0,150.0,160.0,156.0,180.0,170.0,164.0,154.0,160.0,160.0,156.0,160.0,158.0,160.0,160.0,158.0,172.0,156.0,170.0,170.0,162.0,142.0,142.0,148.0,160.0,152.0,178.0,176.0,162.0,164.0,164.0,164.0,152.0,168.0,164.0,168.0,152.0,170.0,180.0,166.0,172.0,174.0,178.0,164.0,168.0,170.0,182.0,180.0,180.0,178.0,170.0,186.0,178.0,194.0,178.0,192.0,164.0,190.0,176.0,180.0,176.0,170.0,168.0,188.0,176.0,171.0,166.0,180.0,180.0,172.0,184.0,174.0,172.0,164.0,168.0,174.0,176.0,172.0,192.0,182.0,182.0,174.0,170.0,180.0,180.0,166.0,162.0,178.0,150.0,180.0,162.0,172.0,168.0,172.0,192.0,174.0,188.0,184.0,192.0,176.0,186.0,190.0,184.0,182.0,174.0,194.0,174.0,198.0,170.0,184.0,162.0,182.0,184.0,180.0,186.0,168.0,188.0,190.0,188.0,176.0,202.0,186.0,184.0,192.0,178.0,200.0,184.0,176.0,188.0,190.0,180.0,188.0,176.0,210.0,172.0,176.0,196.0,184.0,180.0,182.0,170.0,174.0,188.0,186.0,196.0,180.0,194.0,178.0,194.0,198.0,200.0,172.0,174.0,180.0,190.0,178.0,188.0,190.0,182.0,190.0,186.0,198.0,192.0,194.0,180.0,204.0,200.0,180.0,184.0,196.0,190.0,204.0,202.0,188.0,186.0,190.0,194.0,196.0,186.0,188.0,204.0,204.0,196.0,196.0,192.0,204.0,184.0,204.0,192.0,180.0,202.0,186.0,188.0,192.0,192.0,180.0,186.0,186.0,214.0,200.0,192.0,196.0,196.0,184.0,190.0,194.0,178.0,208.0,206.0,216.0,198.0,180.0,206.0,194.0,208.0,210.0,208.0,182.0,202.0,214.0,200.0,182.0,204.0,210.0,198.0,194.0,198.0,184.0,194.0,184.0,180.0,202.0,204.0,192.0,198.0,198.0,216.0,190.0,198.0,192.0,210.0,194.0,196.0,194.0,200.0,190.0,214.0,198.0,190.0,182.0,212.0,188.0,222.0,200.0,200.0,192.0,198.0,188.0,176.0,206.0,206.0,202.0,196.0,208.0,208.0,204.0,188.0,222.0,228.0,192.0,210.0,190.0,204.0,190.0,214.0,194.0,174.0,216.0,224.0,202.0,220.0,220.0,190.0,206.0,216.0,214.0,210.0,210.0,226.0,200.0,198.0,218.0,196.0,206.0,200.0,212.0,212.0,208.0,202.0,210.0,202.0,216.0,206.0,212.0,208.0,206.0,216.0,182.0,194.0,194.0,212.0,214.0,216.0,220.0,218.0,198.0,210.0,194.0,200.0,212.0,202.0,218.0,204.0,188.0,194.0,212.0,196.0,212.0,200.0,178.0,196.0,198.0,212.0,194.0,200.0,208.0,216.0,186.0,218.0,216.0,198.0,222.0,200.0,192.0,202.0,222.0,204.0,208.0,222.0,216.0,202.0,202.0,226.0,196.0,222.0,216.0,194.0,210.0,206.0,206.0,204.0,212.0,204.0,198.0,232.0,202.0,204.0,220.0,230.0,204.0,194.0,216.0,204.0,190.0,214.0,204.0,218.0,208.0,206.0,206.0,210.0,204.0,196.0,212.0,230.0,230.0,204.0,218.0,214.0,216.0,196.0,202.0,210.0,220.0,212.0,214.0,192.0,210.0,214.0,208.0,248.0,216.0,214.0,204.0,214.0,230.0,200.0,224.0,212.0,202.0,226.0,216.0,202.0,212.0,194.0,218.0,234.0,216.0,216.0,210.0,218.0,212.0,210.0,208.0,206.0,216.0,224.0,220.0,224.0,222.0,228.0
3.09739,9.35943,140.0,132.0,128.0,120.0,126.0,140.0,118.0,126.0,126.0,130.0,134.0,130.0,136.0,118.0,130.0,132.0,132.0,140.0,150.0,148.0,140.0,138.0,146.0,140.0,156.0,148.0,166.0,152.0,152.0,134.0,152.0,154.0,138.0,146.0,150.0,152.0,136.0,134.0,142.0,150.0,140.0,148.0,140.0,124.0,146.0,166.0,138.0,140.0,152.0,152.0,152.0,156.0,158.0,130.0,130.0,164.0,156.0,138.0,146.0,166.0,144.0,148.0,148.0,154.0,130.0,156.0,150.0,156.0,168.0,172.0,140.0,134.0,150.0,148.0,132.0,146.0,140.0,148.0,156.0,164.0,146.0,136.0,146.0,142.0,146.0,162.0,158.0,156.0,158.0,164.0,154.0,138.0,148.0,142.0,156.0,136.0,152.0,132.0,154.0,144.0,148.0,144.0,164.0,148.0,164.0,130.0,146.0,156.0,148.0,148.0,154.0,134.0,144.0,138.0,130.0,148.0,142.0,132.0,146.0,148.0,154.0,150.0,148.0,140.0,146.0,158.0,154.0,158.0,160.0,172.0,168.0,168.0,178.0,178.0,176.0,178.0,186.0,142.0,164.0,158.0,164.0,158.0,168.0,156.0,158.0,134.0,152.0,146.0,164.0,146.0,142.0,164.0,154.0,156.0,172.0,156.0,166.0,154.0,146.0,162.0,150.0,144.0,156.0,160.0,154.0,128.0,170.0,142.0,140.0,164.0,150.0,158.0,142.0,150.0,150.0,166.0,150.0,136.0,144.0,154.0,156.0,158.0,156.0,154.0,146.0,154.0,152.0,166.0,148.0,146.0,146.0,152.0,160.0,152.0,164.0,142.0,172.0,158.0,162.0,158.0,156.0,152.0,158.0,158.0,164.0,172.0,160.0,148.0,156.0,164.0,134.0,144.0,158.0,146.0,156.0,150.0,158.0,168.0,156.0,146.0,174.0,160.0,162.0,146.0,160.0,160.0,168.0,170.0,160.0,178.0,154.0,162.0,156.0,160.0,144.0,164.0,180.0,162.0,156.0,166.0,150.0,162.0,168.0,156.0,160.0,182.0,186.0,180.0,166.0,174.0,170.0,162.0,162.0,166.0,152.0,166.0,158.0,166.0,152.0,164.0,184.0,160.0,166.0,158.0,170.0,190.0,180.0,186.0,178.0,164.0,156.0,164.0,168.0,176.0,182.0,158.0,172.0,174.0,182.0,166.0,162.0,170.0,168.0,164.0,182.0,166.0,164.0,156.0,174.0,184.0,160.0,168.0,180.0,168.0,186.0,180.0,168.0,186.0,196.0,182.0,168.0,188.0,162.0,180.0,168.0,194.0,178.0,182.0,172.0,166.0,190.0,192.0,162.0,188.0,182.0,173.0,164.0,168.0,186.0,170.0,176.0,168.0,184.0,174.0,192.0,172.0,174.0,166.0,172.0,170.0,170.0,178.0,174.0,192.0,182.0,182.0,190.0,168.0,178.0,168.0,180.0,182.0,172.0,178.0,182.0,188.0,162.0,174.0,188.0,164.0,180.0,186.0,194.0,182.0,192.0,198.0,200.0,194.0,182.0,192.0,186.0,186.0,178.0,196.0,186.0,170.0,174.0,198.0,192.0,192.0,184.0,186.0,184.0,190.0,186.0,172.0,186.0,194.0,204.0,194.0,196.0,182.0,192.0,188.0,172.0,184.0,192.0,184.0,186.0,190.0,202.0,186.0,190.0,176.0,194.0,194.0,206.0,194.0,190.0,180.0,196.0,178.0,174.0,196.0,200.0,198.0,188.0,186.0,200.0,204.0,204.0,198.0,192.0,188.0,186.0,192.0,212.0,202.0,186.0,180.0,214.0,196.0,200.0,188.0,198.0,200.0,206.0,204.0,200.0,206.0,210.0,186.0,212.0,190.0,210.0,216.0,204.0,192.0,184.0,196.0,202.0,188.0,174.0,180.0,190.0,204.0,196.0,178.0,188.0,184.0,190.0,208.0,204.0,194.0,180.0,198.0,176.0,188.0,184.0,202.0,186.0,182.0,196.0,196.0,210.0,190.0,178.0,196.0,202.0,210.0,200.0,206.0,214.0,204.0,182.0,212.0,206.0,212.0,194.0,210.0,206.0,196.0,206.0,198.0,204.0,208.0,208.0,184.0,208.0,212.0,198.0,210.0,184.0,212.0,180.0,202.0,202.0,208.0,192.0,222.0,198.0,192.0,194.0,214.0,196.0,196.0,200.0,218.0,214.0,204.0,212.0,228.0,202.0,208.0,210.0,204.0,218.0,216.0,214.0,216.0,210.0,202.0,212.0,218.0,184.0,204.0,210.0,202.0,214.0,224.0,204.0,204.0,198.0,192.0,206.0,210.0,210.0,206.0,212.0,202.0,210.0,204.0,214.0,208.0,214.0,224.0,220.0,204.0,224.0,214.0,206.0,196.0,190.0,210.0,212.0,198.0,208.0,202.0,204.0,208.0,196.0,226.0,196.0,222.0,206.0,196.0,222.0,212.0,210.0,206.0,218.0,222.0,216.0,208.0,190.0,210.0,224.0,202.0,210.0,190.0,210.0,216.0,200.0,212.0,224.0,212.0,200.0,214.0,202.0,198.0,216.0,216.0,220.0,218.0,222.0,214.0,232.0,212.0,234.0,238.0,216.0,210.0,212.0,212.0,216.0,210.0,218.0,218.0,210.0,220.0,204.0,216.0,218.0,208.0,192.0,202.0,226.0,220.0,218.0,222.0,200.0,206.0,204.0,224.0,210.0,208.0,208.0,226.0,196.0,212.0,212.0,218.0,222.0,198.0,202.0,220.0,220.0,216.0,212.0,206.0,218.0,210.0,224.0,196.0,216.0,222.0,226.0,220.0,226.0,216.0,212.0,242.0,224.0,206.0,212.0,202.0,216.0,216.0,218.0,236.0,232.0,212.0,232.0,222.0,222.0,204.0,232.0,214.0,206.0,232.0,242.0,238.0,206.0,228.0,216.0,216.0,232.0,242.0,210.0,210.0,216.0
3.09739,10.91933,110.0,108.0,118.0,100.0,100.0,94.0,98.0,122.0,118.0,104.0,100.0,84.0,100.0,102.0,124.0,98.0,112.0,114.0,114.0,112.0,116.0,98.0,104.0,126.0,114.0,112.0,110.0,118.0,120.0,124.0,106.0,116.0,114.0,108.0,118.0,122.0,116.0,110.0,116.0,112.0,108.0,114.0,118.0,122.0,112.0,108.0,112.0,122.0,110.0,110.0,110.0,128.0,108.0,114.0,108.0,124.0,130.0,100.0,102.0,122.0,114.0,100.0,108.0,102.0,120.0,120.0,114.0,130.0,110.0,108.0,128.0,132.0,130.0,122.0,124.0,132.0,132.0,112.0,114.0,126.0,120.0,118.0,128.0,126.0,122.0,146.0,124.0,110.0,134.0,130.0,130.0,124.0,124.0,110.0,110.0,114.0,112.0,118.0,104.0,124.0,108.0,104.0,120.0,100.0,118.0,94.0,116.0,114.0,112.0,120.0,114.0,110.0,106.0,94.0,106.0,118.0,126.0,120.0,118.0,110.0,110.0,140.0,110.0,114.0,114.0,124.0,104.0,112.0,122.0,118.0,116.0,118.0,124.0,114.0,122.0,122.0,122.0,116.0,110.0,112.0,108.0,116.0,110.0,112.0,122.0,110.0,108.0,100.0,110.0,110.0,116.0,112.0,104.0,118.0,116.0,122.0,126.0,120.0,98.0,106.0,108.0,110.0,106.0,108.0,106.0,118.0,104.0,100.0,116.0,124.0,112.0,108.0,110.0,124.0,112.0,114.0,112.0,114.0,124.0,110.0,130.0,118.0,110.0,120.0,124.0,136.0,118.0,118.0,126.0,126.0,132.0,122.0,110.0,126.0,118.0,122.0,120.0,130.0,108.0,110.0,130.0,120.0,118.0,114.0,122.0,110.0,112.0,112.0,122.0,124.0,112.0,120.0,130.0,112.0,104.0,120.0,116.0,114.0,106.0,120.0,106.0,112.0,118.0,114.0,108.0,116.0,112.0,110.0,98.0,118.0,108.0,106.0,102.0,108.0,104.0,118.0,110.0,106.0,106.0,116.0,120.0,102.0,132.0,106.0,108.0,112.0,124.0,102.0,122.0,114.0,114.0,106.0,110.0,108.0,114.0,108.0,112.0,102.0,96.0,106.0,112.0,108.0,98.0,116.0,114.0,100.0,114.0,104.0,116.0,106.0,102.0,114.0,104.0,106.0,122.0,102.0,110.0,108.0,100.0,130.0,102.0,128.0,108.0,108.0,108.0,116.0,116.0,124.0,112.0,108.0,112.0,128.0,100.0,104.0,112.0,110.0,104.0,114.0,112.0,118.0,108.0,116.0,118.0,98.0,120.0,116.0,106.0,114.0,114.0,120.0,120.0,116.0,106.0,100.0,120.0,116.0,112.0,124.0,116.0,118.0,110.0,114.0,106.0,122.0,106.0,110.0,126.0,122.0,108.0,116.0,118.0,120.0,116.0,128.0,106.0,122.0,112.0,122.0,120.0,112.0,118.0,126.0,108.0,120.0,120.0,122.0,118.0,120.0,122.0,112.0,112.0,122.0,124.0,108.0,118.0,130.0,112.0,128.0,122.0,116.0,122.0,114.0,126.0,122.0,118.0,116.0,122.0,110.0,118.0,128.0,112.0,126.0,118.0,104.0,134.0,114.0,128.0,114.0,126.0,128.0,120.0,122.0,116.0,130.0,118.0,108.0,114.0,118.0,120.0,118.0,120.0,114.0,118.0,122.0,124.0,128.0,150.0,114.0,126.0,126.0,118.0,126.0,128.0,106.0,124.0,128.0,116.0,126.0,120.0,126.0,138.0,128.0,114.0,120.0,124.0,126.0,132.0,110.0,124.0,124.0,126.0,124.0,114.0,130.0,136.0,138.0,122.0,116.0,108.0,126.0,138.0,122.0,124.0,120.0,126.0,134.0,120.0,128.0,120.0,126.0,110.0,116.0,128.0,146.0,128.0,114.0,124.0,114.0,120.0,130.0,122.0,126.0,136.0,128.0,128.0,130.0,136.0,118.0,136.0,124.0,118.0,132.0,140.0,108.0,136.0,132.0,120.0,124.0,134.0,130.0,118.0,124.0,146.0,140.0,140.0,134.0,106.0,134.0,136.0,130.0,130.0,124.0,134.0,130.0,124.0,132.0,132.0,126.0,114.0,120.0,120.0,118.0,124.0,124.0,132.0,112.0,130.0,138.0,130.0,120.0,128.0,130.0,116.0,120.0,132.0,122.0,128.0,134.0,112.0,130.0,124.0,128.0,130.0,130.0,132.0,124.0,132.0,136.0,142.0,128.0,146.0,114.0,140.0,134.0,132.0,124.0,118.0,118.0,122.0,148.0,132.0,140.0,142.0,140.0,124.0,130.0,130.0,122.0,132.0,136.0,114.0,142.0,150.0,134.0,132.0,118.0,134.0,120.0,134.0,130.0,124.0,130.0,126.0,128.0,134.0,128.0,122.0,122.0,128.0,124.0,124.0,138.0,126.0,122.0,136.0,118.0,112.0,114.0,122.0,120.0,134.0,142.0,120.0,126.0,128.0,118.0,126.0,114.0,118.0,126.0,138.0,124.0,138.0,122.0,128.0,114.0,130.0,128.0,122.0,124.0,120.0,122.0,134.0,142.0,142.0,108.0,140.0,134.0,144.0,120.0,126.0,130.0,134.0,126.0,134.0,126.0,146.0,138.0,134.0,134.0,134.0,132.0,138.0,134.0,132.0,136.0,124.0,130.0,140.0,140.0,124.0,136.0,138.0,124.0,128.0,124.0,136.0,140.0,134.0,112.0,126.0,136.0,128.0,122.0,128.0,122.0,126.0,134.0,132.0,122.0,130.0,128.0,136.0,130.0,132.0,132.0,148.0,136.0,122.0,130.0,110.0,144.0,148.0,136.0,130.0,126.0,124.0,138.0,132.0,142.0,140.0,126.0,136.0,136.0,138.0,100.0,134.0,126.0,130.0,138.0,124.0,136.0,138.0,116.0,122.0,118.0,122.0,136.0,138.0,120.0,136.0
3.09739,12.479230000000001,96.0,106.0,106.0,100.0,86.0,102.0,98.0,92.0,96.0,98.0,98.0,102.0,100.0,92.0,90.0,92.0,88.0,106.0,98.0,110.0,112.0,112.0,106.0,112.0,112.0,92.0,104.0,104.0,118.0,96.0,110.0,104.0,112.0,104.0,108.0,108.0,102.0,120.0,114.0,112.0,110.0,102.0,112.0,98.0,108.0,120.0,98.0,114.0,96.0,105.0,114.0,108.0,96.0,90.0,110.0,108.0,108.0,112.0,104.0,106.0,110.0,114.0,114.0,110.0,106.0,112.0,90.0,106.0,108.0,114.0,112.0,110.0,122.0,108.0,124.0,122.0,108.0,110.0,122.0,110.0,120.0,112.0,116.0,114.0,128.0,118.0,126.0,124.0,116.0,116.0,122.0,124.0,106.0,124.0,106.0,98.0,114.0,100.0,112.0,118.0,102.0,106.0,106.0,98.0,108.0,108.0,98.0,108.0,98.0,112.0,108.0,96.0,96.0,96.0,90.0,88.0,112.0,108.0,108.0,104.0,114.0,106.0,108.0,92.0,102.0,102.0,100.0,108.0,96.0,102.0,112.0,106.0,116.0,106.0,116.0,116.0,114.0,122.0,110.0,96.0,112.0,112.0,92.0,118.0,108.0,108.0,96.0,108.0,108.0,102.0,114.0,118.0,98.0,98.0,108.0,108.0,98.0,112.0,100.0,104.0,110.0,102.0,108.0,100.0,110.0,122.0,106.0,100.0,116.0,112.0,102.0,102.0,112.0,108.0,112.0,108.0,110.0,108.0,122.0,124.0,114.0,134.0,112.0,118.0,130.0,118.0,128.0,112.0,124.0,124.0,128.0,108.0,132.0,130.0,114.0,122.0,102.0,130.0,126.0,108.0,110.0,112.0,110.0,106.0,114.0,100.0,120.0,120.0,102.0,104.0,100.0,116.0,108.0,104.0,108.0,108.0,82.0,104.0,126.0,98.0,98.0,116.0,92.0,110.0,96.0,108.0,94.0,90.0,98.0,90.0,98.0,104.0,96.0,96.0,96.0,102.0,100.0,100.0,88.0,104.0,88.0,90.0,106.0,90.0,90.0,106.0,100.0,94.0,90.0,90.0,102.0,106.0,96.0,96.0,98.0,92.0,98.0,90.0,100.0,94.0,102.0,106.0,90.0,100.0,90.0,90.0,104.0,96.0,94.0,84.0,84.0,108.0,98.0,92.0,108.0,100.0,96.0,100.0,96.0,110.0,86.0,102.0,102.0,88.0,86.0,100.0,96.0,106.0,104.0,104.0,108.0,106.0,96.0,100.0,92.0,112.0,124.0,92.0,90.0,102.0,110.0,98.0,102.0,110.0,104.0,118.0,102.0,100.0,112.0,102.0,102.0,102.0,108.0,108.0,104.0,101.0,98.0,110.0,86.0,114.0,100.0,124.0,98.0,108.0,106.0,102.0,114.0,102.0,100.0,102.0,92.0,106.0,106.0,92.0,112.0,104.0,100.0,108.0,100.0,106.0,104.0,96.0,96.0,114.0,92.0,98.0,106.0,118.0,104.0,102.0,100.0,98.0,100.0,110.0,100.0,114.0,96.0,102.0,102.0,108.0,108.0,84.0,120.0,110.0,114.0,108.0,110.0,114.0,108.0,110.0,112.0,106.0,116.0,114.0,104.0,102.0,110.0,114.0,110.0,120.0,120.0,116.0,104.0,98.0,104.0,116.0,118.0,104.0,106.0,118.0,100.0,118.0,110.0,110.0,110.0,118.0,96.0,114.0,98.0,112.0,110.0,122.0,102.0,96.0,106.0,98.0,108.0,114.0,122.0,106.0,114.0,106.0,110.0,112.0,114.0,120.0,108.0,102.0,108.0,106.0,118.0,110.0,106.0,116.0,108.0,126.0,108.0,100.0,106.0,112.0,106.0,116.0,104.0,118.0,118.0,106.0,110.0,120.0,112.0,106.0,104.0,104.0,112.0,104.0,104.0,108.0,112.0,104.0,116.0,116.0,102.0,120.0,104.0,98.0,124.0,122.0,114.0,114.0,112.0,116.0,108.0,110.0,118.0,110.0,116.0,108.0,96.0,100.0,108.0,116.0,110.0,112.0,132.0,100.0,112.0,110.0,108.0,118.0,126.0,102.0,114.0,102.0,110.0,106.0,106.0,116.0,104.0,96.0,110.0,112.0,106.0,112.0,114.0,110.0,108.0,118.0,106.0,114.0,108.0,102.0,96.0,112.0,110.0,96.0,118.0,106.0,114.0,104.0,122.0,124.0,108.0,110.0,120.0,116.0,130.0,110.0,116.0,106.0,102.0,114.0,116.0,114.0,108.0,118.0,106.0,96.0,122.0,112.0,122.0,112.0,112.0,114.0,102.0,108.0,108.0,114.0,102.0,114.0,106.0,102.0,128.0,102.0,112.0,114.0,108.0,110.0,118.0,118.0,108.0,114.0,106.0,112.0,108.0,112.0,114.0,112.0,98.0,102.0,118.0,122.0,112.0,96.0,126.0,114.0,110.0,110.0,112.0,110.0,114.0,116.0,108.0,96.0,118.0,112.0,112.0,102.0,114.0,106.0,106.0,112.0,112.0,112.0,124.0,102.0,96.0,108.0,112.0,122.0,104.0,122.0,120.0,100.0,120.0,108.0,96.0,92.0,112.0,106.0,112.0,112.0,114.0,124.0,108.0,110.0,112.0,116.0,118.0,116.0,110.0,110.0,118.0,98.0,126.0,114.0,102.0,102.0,118.0,112.0,100.0,130.0,112.0,98.0,112.0,110.0,114.0,100.0,112.0,102.0,112.0,110.0,104.0,116.0,118.0,114.0,102.0,116.0,126.0,104.0,120.0,120.0,116.0,118.0,108.0,118.0,110.0,130.0,128.0,112.0,120.0,114.0,106.0,114.0,112.0,114.0,102.0,110.0,116.0,114.0,120.0,116.0,114.0,130.0,102.0,128.0,108.0,114.0,124.0,108.0,112.0,106.0,114.0,116.0,112.0,102.0,120.0,110.0,114.0,106.0,116.0,102.0,114.0
3.09739,14.03914,202.0,218.0,212.0,216.0,188.0,190.0,212.0,196.0,190.0,206.0,200.0,196.0,212.0,192.0,196.0,216.0,206.0,208.0,220.0,222.0,246.0,226.0,220.0,250.0,262.0,238.0,252.0,244.0,240.0,242.0,242.0,208.0,234.0,238.0,228.0,216.0,216.0,208.0,194.0,216.0,216.0,206.0,212.0,226.0,208.0,226.0,226.0,216.0,240.0,232.0,224.0,226.0,220.0,210.0,232.0,242.0,226.0,222.0,238.0,240.0,246.0,236.0,238.0,214.0,204.0,218.0,228.0,218.0,226.0,218.0,230.0,230.0,210.0,258.0,220.0,220.0,230.0,236.0,220.0,222.0,210.0,240.0,216.0,208.0,230.0,224.0,214.0,236.0,252.0,220.0,242.0,244.0,226.0,240.0,234.0,234.0,222.0,220.0,226.0,212.0,230.0,222.0,228.0,240.0,224.0,216.0,224.0,226.0,236.0,216.0,222.0,232.0,228.0,230.0,218.0,226.0,234.0,230.0,256.0,234.0,212.0,242.0,240.0,244.0,242.0,234.0,240.0,228.0,272.0,244.0,278.0,264.0,272.0,278.0,282.0,286.0,266.0,268.0,240.0,240.0,242.0,230.0,220.0,228.0,230.0,238.0,222.0,256.0,232.0,230.0,240.0,242.0,252.0,226.0,230.0,254.0,228.0,212.0,232.0,230.0,224.0,230.0,250.0,212.0,244.0,232.0,212.0,234.0,232.0,208.0,226.0,226.0,240.0,250.0,232.0,240.0,222.0,236.0,234.0,254.0,224.0,238.0,242.0,248.0,236.0,240.0,248.0,266.0,248.0,242.0,250.0,224.0,246.0,242.0,246.0,238.0,230.0,238.0,246.0,240.0,238.0,244.0,256.0,248.0,250.0,240.0,260.0,242.0,240.0,258.0,252.0,242.0,246.0,236.0,256.0,244.0,250.0,262.0,262.0,240.0,254.0,254.0,240.0,260.0,256.0,250.0,264.0,264.0,254.0,266.0,260.0,262.0,234.0,264.0,254.0,254.0,258.0,244.0,256.0,228.0,266.0,264.0,242.0,228.0,268.0,256.0,266.0,246.0,244.0,262.0,244.0,270.0,270.0,252.0,256.0,250.0,252.0,214.0,264.0,254.0,238.0,242.0,242.0,248.0,254.0,264.0,240.0,264.0,262.0,250.0,260.0,252.0,254.0,256.0,278.0,260.0,260.0,254.0,266.0,268.0,266.0,248.0,258.0,262.0,244.0,264.0,276.0,280.0,264.0,258.0,250.0,258.0,268.0,270.0,260.0,272.0,278.0,264.0,256.0,258.0,268.0,264.0,282.0,292.0,254.0,234.0,272.0,258.0,282.0,260.0,274.0,270.0,262.0,286.0,268.0,276.0,284.0,266.0,272.0,276.0,272.0,288.0,276.0,278.0,282.0,280.0,280.0,270.0,284.0,270.0,292.0,296.0,288.0,262.0,260.0,268.0,278.0,266.0,294.0,270.0,280.0,274.0,282.0,286.0,254.0,270.0,280.0,272.0,260.0,244.0,290.0,290.0,284.0,266.0,270.0,302.0,270.0,282.0,278.0,284.0,290.0,266.0,296.0,292.0,294.0,286.0,298.0,290.0,278.0,288.0,290.0,288.0,284.0,284.0,274.0,290.0,282.0,288.0,282.0,274.0,294.0,276.0,266.0,294.0,300.0,280.0,286.0,292.0,308.0,280.0,292.0,274.0,280.0,286.0,298.0,316.0,304.0,282.0,274.0,290.0,294.0,300.0,290.0,312.0,268.0,280.0,282.0,298.0,294.0,298.0,282.0,286.0,290.0,292.0,288.0,296.0,298.0,284.0,302.0,308.0,270.0,296.0,300.0,280.0,294.0,304.0,308.0,298.0,308.0,284.0,284.0,290.0,292.0,286.0,310.0,316.0,286.0,280.0,298.0,292.0,318.0,300.0,300.0,302.0,298.0,290.0,286.0,294.0,300.0,284.0,290.0,288.0,282.0,300.0,296.0,298.0,288.0,302.0,284.0,298.0,296.0,300.0,298.0,288.0,304.0,312.0,284.0,304.0,302.0,304.0,310.0,324.0,328.0,298.0,296.0,308.0,314.0,302.0,294.0,330.0,302.0,286.0,282.0,312.0,292.0,296.0,310.0,324.0,292.0,308.0,296.0,314.0,308.0,278.0,308.0,290.0,306.0,326.0,316.0,284.0,294.0,316.0,326.0,288.0,314.0,312.0,328.0,312.0,286.0,338.0,308.0,322.0,288.0,316.0,322.0,302.0,324.0,292.0,310.0,292.0,306.0,294.0,316.0,296.0,310.0,300.0,308.0,284.0,294.0,294.0,318.0,306.0,304.0,298.0,322.0,302.0,298.0,336.0,292.0,298.0,298.0,322.0,304.0,298.0,292.0,318.0,302.0,316.0,316.0,278.0,296.0,328.0,288.0,306.0,318.0,306.0,310.0,332.0,304.0,304.0,304.0,292.0,310.0,292.0,316.0,298.0,284.0,312.0,296.0,306.0,296.0,304.0,318.0,284.0,306.0,308.0,314.0,302.0,310.0,316.0,276.0,314.0,298.0,302.0,290.0,314.0,308.0,300.0,306.0,312.0,320.0,316.0,332.0,320.0,316.0,310.0,316.0,314.0,330.0,326.0,308.0,318.0,298.0,306.0,302.0,314.0,316.0,308.0,312.0,302.0,296.0,312.0,314.0,316.0,308.0,318.0,312.0,330.0,324.0,304.0,306.0,320.0,326.0,318.0,328.0,316.0,334.0,308.0,302.0,312.0,322.0,324.0,330.0,312.0,310.0,338.0,326.0,326.0,332.0,346.0,316.0,316.0,298.0,322.0,320.0,334.0,316.0,332.0,326.0,304.0,316.0,312.0,324.0,296.0,316.0,314.0,322.0,310.0,318.0,324.0,312.0,318.0,320.0,314.0,296.0,316.0,310.0,300.0,324.0,334.0,310.0,328.0,344.0,310.0,316.0,296.0,310.0,314.0,326.0,298.0,314.0
4.6460799999999995,0.0,94.0,102.0,92.0,96.0,88.0,94.0,96.0,96.0,82.0,90.0,82.0,88.0,94.0,90.0,96.0,100.0,102.0,96.0,106.0,106.0,112.0,108.0,96.0,106.0,118.0,112.0,116.0,136.0,124.0,116.0,112.0,106.0,126.0,112.0,100.0,112.0,126.0,112.0,114.0,100.0,94.0,98.0,88.0,108.0,114.0,114.0,118.0,90.0,110.0,112.0,114.0,108.0,106.0,108.0,110.0,112.0,104.0,122.0,128.0,136.0,106.0,108.0,114.0,96.0,112.0,112.0,112.0,104.0,96.0,106.0,102.0,104.0,100.0,104.0,108.0,94.0,120.0,110.0,112.0,110.0,112.0,106.0,100.0,106.0,112.0,112.0,110.0,110.0,108.0,120.0,106.0,102.0,104.0,96.0,116.0,90.0,108.0,94.0,96.0,100.0,100.0,92.0,96.0,98.0,100.0,96.0,92.0,98.0,92.0,100.0,90.0,92.0,88.0,96.0,98.0,108.0,104.0,96.0,104.0,96.0,102.0,94.0,106.0,116.0,106.0,100.0,110.0,116.0,118.0,122.0,128.0,112.0,138.0,136.0,148.0,142.0,116.0,108.0,112.0,120.0,102.0,98.0,90.0,90.0,106.0,104.0,100.0,100.0,100.0,98.0,104.0,120.0,100.0,94.0,82.0,96.0,94.0,94.0,102.0,86.0,94.0,90.0,116.0,102.0,100.0,86.0,98.0,106.0,112.0,98.0,100.0,98.0,88.0,84.0,86.0,96.0,104.0,102.0,104.0,86.0,102.0,100.0,104.0,114.0,124.0,110.0,114.0,106.0,108.0,114.0,102.0,96.0,94.0,98.0,110.0,102.0,96.0,98.0,112.0,102.0,100.0,94.0,100.0,104.0,102.0,100.0,88.0,100.0,106.0,104.0,94.0,102.0,88.0,104.0,112.0,102.0,108.0,112.0,98.0,108.0,98.0,98.0,96.0,108.0,90.0,92.0,92.0,98.0,108.0,100.0,94.0,110.0,112.0,102.0,100.0,104.0,94.0,104.0,98.0,106.0,86.0,90.0,108.0,100.0,100.0,108.0,110.0,116.0,100.0,112.0,94.0,108.0,110.0,94.0,104.0,104.0,108.0,102.0,96.0,88.0,116.0,92.0,112.0,104.0,110.0,100.0,110.0,104.0,106.0,100.0,98.0,96.0,94.0,114.0,114.0,100.0,98.0,100.0,116.0,102.0,106.0,102.0,106.0,106.0,118.0,112.0,118.0,110.0,106.0,100.0,96.0,118.0,116.0,102.0,116.0,116.0,116.0,116.0,120.0,100.0,112.0,114.0,108.0,130.0,106.0,100.0,100.0,106.0,112.0,112.0,128.0,118.0,108.0,108.0,114.0,110.0,106.0,102.0,100.0,114.0,122.0,114.0,106.0,112.0,94.0,100.0,108.0,114.0,102.0,112.0,126.0,110.0,118.0,106.0,120.0,106.0,100.0,100.0,106.0,92.0,110.0,104.0,112.0,110.0,110.0,114.0,104.0,104.0,100.0,112.0,120.0,114.0,118.0,112.0,126.0,104.0,120.0,114.0,108.0,116.0,116.0,114.0,126.0,104.0,116.0,108.0,112.0,110.0,122.0,120.0,112.0,116.0,112.0,104.0,116.0,120.0,118.0,114.0,108.0,118.0,120.0,122.0,130.0,110.0,118.0,114.0,132.0,128.0,114.0,114.0,106.0,114.0,114.0,102.0,118.0,116.0,110.0,114.0,118.0,108.0,112.0,120.0,122.0,114.0,138.0,112.0,116.0,112.0,116.0,118.0,118.0,106.0,124.0,104.0,104.0,126.0,114.0,108.0,116.0,118.0,114.0,116.0,118.0,108.0,112.0,130.0,130.0,110.0,128.0,118.0,114.0,120.0,112.0,128.0,136.0,124.0,118.0,128.0,120.0,116.0,130.0,120.0,116.0,120.0,128.0,130.0,114.0,124.0,120.0,116.0,118.0,122.0,122.0,116.0,124.0,122.0,122.0,122.0,118.0,112.0,124.0,112.0,112.0,132.0,122.0,120.0,128.0,138.0,112.0,108.0,130.0,138.0,130.0,122.0,132.0,110.0,130.0,124.0,128.0,132.0,126.0,122.0,128.0,118.0,118.0,120.0,132.0,118.0,108.0,128.0,112.0,126.0,120.0,124.0,120.0,130.0,134.0,126.0,122.0,122.0,120.0,120.0,136.0,138.0,126.0,128.0,126.0,128.0,122.0,114.0,126.0,124.0,120.0,138.0,112.0,120.0,124.0,118.0,126.0,126.0,138.0,134.0,118.0,130.0,130.0,118.0,118.0,128.0,112.0,126.0,140.0,124.0,124.0,134.0,124.0,126.0,132.0,140.0,114.0,120.0,146.0,138.0,138.0,130.0,136.0,146.0,124.0,126.0,128.0,132.0,130.0,136.0,122.0,120.0,114.0,138.0,134.0,126.0,126.0,124.0,134.0,138.0,116.0,128.0,128.0,130.0,126.0,132.0,126.0,132.0,134.0,136.0,126.0,126.0,142.0,120.0,118.0,128.0,132.0,134.0,130.0,136.0,138.0,122.0,134.0,136.0,128.0,126.0,126.0,132.0,138.0,128.0,132.0,140.0,136.0,120.0,130.0,132.0,130.0,126.0,122.0,124.0,130.0,122.0,124.0,126.0,136.0,126.0,128.0,118.0,128.0,134.0,136.0,132.0,134.0,120.0,134.0,122.0,146.0,128.0,120.0,130.0,140.0,140.0,132.0,128.0,140.0,130.0,146.0,130.0,130.0,134.0,136.0,118.0,132.0,128.0,126.0,130.0,138.0,134.0,126.0,142.0,136.0,126.0,138.0,126.0,128.0,130.0,150.0,120.0,130.0,134.0,138.0,126.0,130.0,136.0,124.0,128.0,136.0,130.0,138.0,132.0,120.0,128.0,122.0,134.0,140.0,138.0,136.0,128.0,148.0,138.0,142.0,138.0,132.0,136.0,130.0,130.0,128.0,142.0,138.0
4.6460799999999995,1.5599100000000004,86.0,84.0,78.0,74.0,74.0,74.0,80.0,82.0,76.0,72.0,84.0,72.0,88.0,82.0,82.0,84.0,82.0,96.0,92.0,92.0,94.0,72.0,92.0,102.0,100.0,94.0,96.0,98.0,98.0,98.0,108.0,106.0,106.0,96.0,90.0,82.0,92.0,90.0,96.0,94.0,84.0,76.0,82.0,90.0,94.0,100.0,82.0,96.0,80.0,92.0,104.0,100.0,92.0,92.0,88.0,100.0,88.0,110.0,104.0,104.0,98.0,106.0,90.0,102.0,96.0,92.0,94.0,98.0,88.0,82.0,84.0,102.0,74.0,94.0,84.0,100.0,86.0,86.0,92.0,98.0,90.0,86.0,84.0,94.0,84.0,90.0,100.0,84.0,98.0,96.0,98.0,92.0,82.0,98.0,96.0,82.0,82.0,84.0,92.0,94.0,80.0,98.0,90.0,76.0,84.0,92.0,86.0,78.0,72.0,92.0,78.0,82.0,88.0,84.0,88.0,74.0,82.0,90.0,86.0,80.0,96.0,96.0,82.0,94.0,100.0,90.0,88.0,96.0,104.0,100.0,100.0,114.0,118.0,122.0,126.0,112.0,104.0,86.0,100.0,94.0,102.0,90.0,86.0,86.0,84.0,92.0,82.0,86.0,80.0,88.0,94.0,84.0,90.0,92.0,96.0,90.0,92.0,94.0,84.0,88.0,68.0,84.0,86.0,82.0,82.0,94.0,86.0,80.0,80.0,76.0,88.0,84.0,86.0,80.0,86.0,90.0,92.0,78.0,100.0,88.0,86.0,92.0,96.0,94.0,94.0,104.0,94.0,98.0,100.0,104.0,96.0,90.0,100.0,100.0,92.0,90.0,98.0,90.0,92.0,74.0,88.0,88.0,88.0,88.0,92.0,72.0,88.0,84.0,84.0,80.0,84.0,84.0,80.0,78.0,80.0,86.0,88.0,88.0,84.0,84.0,88.0,80.0,82.0,94.0,90.0,86.0,84.0,88.0,74.0,88.0,82.0,82.0,88.0,80.0,90.0,78.0,82.0,84.0,82.0,88.0,86.0,80.0,82.0,96.0,86.0,86.0,86.0,88.0,72.0,92.0,84.0,82.0,90.0,72.0,88.0,82.0,88.0,84.0,82.0,88.0,96.0,90.0,84.0,80.0,88.0,82.0,82.0,80.0,78.0,90.0,90.0,86.0,70.0,84.0,68.0,88.0,98.0,98.0,90.0,88.0,90.0,86.0,90.0,92.0,98.0,88.0,98.0,92.0,82.0,92.0,76.0,82.0,90.0,92.0,98.0,88.0,82.0,94.0,94.0,96.0,98.0,100.0,92.0,98.0,102.0,100.0,100.0,94.0,94.0,90.0,92.0,94.0,94.0,88.0,104.0,103.0,100.0,94.0,98.0,94.0,88.0,94.0,88.0,90.0,90.0,88.0,94.0,106.0,94.0,96.0,86.0,96.0,106.0,94.0,84.0,82.0,92.0,108.0,84.0,92.0,106.0,100.0,106.0,94.0,96.0,84.0,110.0,84.0,94.0,96.0,90.0,92.0,106.0,102.0,98.0,84.0,92.0,96.0,74.0,98.0,88.0,92.0,98.0,108.0,98.0,102.0,100.0,94.0,94.0,86.0,92.0,86.0,94.0,96.0,96.0,82.0,94.0,92.0,94.0,90.0,106.0,104.0,82.0,90.0,102.0,100.0,100.0,90.0,90.0,88.0,94.0,82.0,98.0,84.0,94.0,96.0,96.0,92.0,104.0,104.0,98.0,100.0,90.0,98.0,102.0,100.0,100.0,100.0,92.0,102.0,102.0,98.0,96.0,102.0,96.0,98.0,88.0,104.0,104.0,96.0,92.0,96.0,108.0,104.0,104.0,88.0,100.0,104.0,108.0,98.0,100.0,104.0,104.0,108.0,100.0,86.0,94.0,102.0,102.0,104.0,106.0,98.0,104.0,106.0,90.0,86.0,92.0,88.0,90.0,84.0,108.0,112.0,104.0,98.0,88.0,104.0,100.0,98.0,96.0,96.0,104.0,108.0,98.0,96.0,104.0,108.0,102.0,102.0,118.0,110.0,96.0,108.0,112.0,102.0,98.0,98.0,108.0,110.0,108.0,102.0,96.0,102.0,104.0,102.0,100.0,104.0,96.0,114.0,96.0,108.0,110.0,96.0,96.0,114.0,104.0,104.0,100.0,96.0,104.0,102.0,100.0,96.0,98.0,106.0,116.0,102.0,106.0,98.0,94.0,106.0,112.0,98.0,108.0,106.0,112.0,110.0,94.0,110.0,88.0,110.0,106.0,106.0,96.0,106.0,110.0,104.0,94.0,110.0,108.0,112.0,108.0,110.0,100.0,108.0,114.0,110.0,96.0,112.0,110.0,106.0,96.0,100.0,104.0,88.0,110.0,108.0,98.0,102.0,96.0,114.0,98.0,104.0,118.0,108.0,108.0,112.0,102.0,102.0,114.0,98.0,90.0,90.0,100.0,96.0,114.0,110.0,110.0,110.0,106.0,108.0,106.0,108.0,96.0,110.0,110.0,102.0,120.0,108.0,104.0,110.0,104.0,106.0,104.0,94.0,106.0,110.0,106.0,110.0,102.0,114.0,106.0,94.0,108.0,106.0,110.0,112.0,106.0,104.0,104.0,102.0,110.0,100.0,94.0,98.0,102.0,106.0,102.0,116.0,120.0,106.0,102.0,96.0,114.0,114.0,110.0,108.0,100.0,100.0,102.0,108.0,96.0,114.0,114.0,110.0,100.0,106.0,106.0,106.0,106.0,112.0,108.0,108.0,108.0,100.0,118.0,102.0,112.0,114.0,114.0,112.0,84.0,100.0,114.0,110.0,102.0,110.0,118.0,110.0,112.0,102.0,106.0,116.0,108.0,108.0,112.0,108.0,110.0,110.0,106.0,116.0,110.0,92.0,122.0,114.0,114.0,116.0,94.0,108.0,108.0,100.0,110.0,100.0,124.0,110.0,108.0,110.0,106.0,118.0,116.0,124.0,112.0
4.6460799999999995,3.11981,96.0,100.0,98.0,92.0,102.0,82.0,92.0,102.0,92.0,96.0,94.0,100.0,94.0,98.0,86.0,90.0,94.0,110.0,98.0,122.0,114.0,110.0,106.0,108.0,118.0,130.0,112.0,112.0,116.0,106.0,108.0,116.0,126.0,108.0,106.0,122.0,118.0,100.0,102.0,118.0,106.0,114.0,110.0,96.0,100.0,98.0,104.0,102.0,102.0,110.0,118.0,114.0,102.0,116.0,120.0,122.0,128.0,118.0,116.0,110.0,118.0,120.0,104.0,126.0,120.0,114.0,106.0,102.0,116.0,116.0,116.0,106.0,106.0,110.0,118.0,120.0,98.0,120.0,114.0,104.0,112.0,118.0,114.0,114.0,108.0,122.0,112.0,110.0,108.0,116.0,104.0,108.0,116.0,112.0,112.0,98.0,104.0,104.0,114.0,102.0,108.0,120.0,96.0,96.0,108.0,100.0,104.0,96.0,96.0,102.0,104.0,110.0,114.0,100.0,106.0,92.0,116.0,106.0,116.0,118.0,112.0,112.0,114.0,124.0,128.0,118.0,116.0,120.0,104.0,114.0,110.0,136.0,126.0,128.0,130.0,124.0,130.0,130.0,128.0,94.0,104.0,112.0,108.0,104.0,104.0,92.0,106.0,116.0,90.0,104.0,116.0,122.0,112.0,100.0,108.0,112.0,122.0,114.0,100.0,96.0,98.0,92.0,112.0,110.0,102.0,106.0,104.0,112.0,114.0,104.0,100.0,106.0,106.0,114.0,106.0,102.0,118.0,118.0,124.0,110.0,114.0,122.0,110.0,118.0,102.0,116.0,140.0,116.0,118.0,110.0,114.0,106.0,110.0,110.0,104.0,112.0,112.0,112.0,106.0,120.0,112.0,110.0,108.0,106.0,100.0,104.0,104.0,118.0,118.0,102.0,106.0,106.0,108.0,108.0,118.0,96.0,104.0,102.0,110.0,106.0,102.0,118.0,108.0,112.0,106.0,108.0,120.0,90.0,94.0,114.0,112.0,112.0,124.0,104.0,100.0,108.0,106.0,114.0,116.0,118.0,110.0,108.0,102.0,108.0,92.0,94.0,100.0,102.0,116.0,110.0,104.0,104.0,106.0,96.0,118.0,114.0,110.0,112.0,102.0,114.0,106.0,110.0,126.0,98.0,104.0,104.0,104.0,116.0,106.0,118.0,112.0,104.0,102.0,120.0,124.0,118.0,122.0,110.0,116.0,110.0,122.0,106.0,120.0,110.0,116.0,116.0,100.0,114.0,118.0,116.0,122.0,118.0,122.0,100.0,110.0,112.0,112.0,122.0,130.0,130.0,124.0,118.0,128.0,122.0,120.0,106.0,126.0,108.0,124.0,112.0,118.0,118.0,122.0,102.0,112.0,116.0,120.0,126.0,122.0,120.0,112.0,116.0,120.0,120.0,120.0,124.0,134.0,122.0,112.0,122.0,116.0,110.0,112.0,118.0,114.0,126.0,120.0,126.0,118.0,108.0,116.0,124.0,102.0,112.0,124.0,114.0,128.0,112.0,122.0,112.0,136.0,120.0,126.0,128.0,112.0,104.0,116.0,120.0,114.0,120.0,120.0,122.0,122.0,116.0,124.0,132.0,112.0,130.0,124.0,126.0,134.0,122.0,118.0,128.0,122.0,128.0,128.0,128.0,124.0,132.0,126.0,124.0,126.0,122.0,138.0,116.0,126.0,126.0,138.0,122.0,118.0,120.0,108.0,136.0,120.0,120.0,126.0,138.0,120.0,114.0,132.0,128.0,116.0,132.0,120.0,128.0,120.0,134.0,124.0,142.0,124.0,118.0,128.0,124.0,134.0,130.0,136.0,126.0,122.0,134.0,120.0,136.0,122.0,136.0,122.0,128.0,126.0,130.0,132.0,138.0,140.0,134.0,130.0,136.0,144.0,130.0,124.0,138.0,124.0,124.0,130.0,116.0,140.0,120.0,128.0,120.0,136.0,140.0,126.0,128.0,120.0,138.0,142.0,148.0,130.0,144.0,148.0,136.0,138.0,132.0,140.0,142.0,140.0,126.0,158.0,154.0,146.0,120.0,132.0,142.0,142.0,124.0,138.0,122.0,126.0,130.0,130.0,124.0,120.0,150.0,132.0,144.0,124.0,120.0,120.0,144.0,124.0,134.0,126.0,122.0,124.0,140.0,126.0,144.0,132.0,124.0,140.0,136.0,136.0,128.0,112.0,148.0,134.0,150.0,140.0,138.0,132.0,138.0,140.0,136.0,144.0,122.0,122.0,142.0,128.0,138.0,128.0,134.0,132.0,130.0,154.0,140.0,126.0,144.0,146.0,132.0,132.0,140.0,140.0,150.0,140.0,130.0,136.0,132.0,144.0,148.0,136.0,126.0,142.0,132.0,134.0,136.0,132.0,138.0,156.0,142.0,128.0,140.0,130.0,140.0,142.0,140.0,138.0,132.0,114.0,152.0,136.0,136.0,146.0,134.0,140.0,132.0,134.0,130.0,132.0,150.0,150.0,144.0,128.0,144.0,144.0,146.0,144.0,128.0,138.0,144.0,150.0,138.0,156.0,130.0,166.0,138.0,142.0,150.0,152.0,132.0,138.0,158.0,126.0,128.0,144.0,140.0,132.0,138.0,144.0,142.0,134.0,134.0,134.0,136.0,138.0,136.0,132.0,136.0,142.0,142.0,146.0,144.0,154.0,140.0,138.0,142.0,154.0,142.0,136.0,150.0,158.0,128.0,146.0,150.0,142.0,134.0,140.0,130.0,154.0,130.0,144.0,146.0,144.0,156.0,148.0,140.0,130.0,144.0,158.0,146.0,140.0,158.0,150.0,162.0,138.0,142.0,158.0,128.0,140.0,156.0,126.0,148.0,146.0,160.0,146.0,156.0,144.0,150.0,136.0,136.0,158.0,140.0,152.0,148.0,152.0,128.0,152.0,144.0,154.0,140.0,142.0,148.0,140.0,146.0,144.0,138.0,156.0,156.0,138.0,156.0,150.0,148.0,152.0,166.0,150.0
4.6460799999999995,4.6797200000000005,124.0,122.0,116.0,122.0,118.0,104.0,98.0,98.0,102.0,110.0,112.0,114.0,118.0,118.0,116.0,136.0,136.0,132.0,124.0,130.0,140.0,140.0,122.0,140.0,136.0,144.0,118.0,144.0,128.0,148.0,128.0,138.0,132.0,130.0,126.0,128.0,130.0,132.0,136.0,126.0,116.0,134.0,118.0,128.0,142.0,144.0,120.0,136.0,144.0,139.0,134.0,136.0,140.0,128.0,130.0,128.0,130.0,144.0,140.0,148.0,132.0,142.0,136.0,146.0,134.0,118.0,150.0,116.0,126.0,122.0,134.0,130.0,126.0,128.0,146.0,144.0,152.0,128.0,122.0,140.0,126.0,130.0,128.0,140.0,128.0,140.0,132.0,140.0,152.0,140.0,140.0,148.0,140.0,134.0,134.0,126.0,132.0,136.0,128.0,122.0,140.0,134.0,134.0,138.0,120.0,116.0,134.0,128.0,130.0,116.0,128.0,142.0,134.0,124.0,128.0,126.0,136.0,128.0,142.0,130.0,130.0,130.0,124.0,148.0,122.0,146.0,138.0,142.0,140.0,138.0,148.0,154.0,148.0,150.0,158.0,136.0,166.0,138.0,140.0,128.0,130.0,134.0,126.0,124.0,136.0,132.0,140.0,136.0,118.0,122.0,130.0,134.0,124.0,144.0,126.0,148.0,146.0,126.0,146.0,128.0,154.0,116.0,142.0,122.0,144.0,132.0,140.0,142.0,130.0,130.0,128.0,144.0,132.0,144.0,130.0,122.0,132.0,152.0,142.0,126.0,132.0,146.0,122.0,138.0,126.0,144.0,134.0,140.0,134.0,148.0,148.0,126.0,136.0,148.0,134.0,138.0,130.0,136.0,126.0,130.0,142.0,152.0,134.0,142.0,136.0,132.0,132.0,126.0,134.0,130.0,128.0,136.0,142.0,154.0,144.0,136.0,136.0,140.0,146.0,142.0,140.0,134.0,130.0,150.0,146.0,128.0,144.0,148.0,152.0,142.0,144.0,120.0,144.0,134.0,140.0,158.0,130.0,128.0,156.0,128.0,144.0,136.0,124.0,134.0,140.0,150.0,126.0,152.0,140.0,144.0,142.0,140.0,146.0,136.0,150.0,142.0,142.0,160.0,144.0,140.0,140.0,138.0,152.0,150.0,140.0,154.0,146.0,146.0,144.0,128.0,138.0,132.0,152.0,152.0,144.0,146.0,156.0,156.0,144.0,140.0,158.0,146.0,142.0,152.0,142.0,154.0,144.0,146.0,140.0,130.0,138.0,144.0,142.0,158.0,152.0,144.0,150.0,154.0,162.0,154.0,152.0,166.0,146.0,172.0,150.0,144.0,158.0,158.0,160.0,158.0,162.0,174.0,150.0,150.0,170.0,166.0,162.0,152.0,146.0,150.0,164.0,166.0,148.0,158.0,146.0,168.0,162.0,156.0,156.0,156.0,138.0,154.0,162.0,150.0,160.0,174.0,160.0,164.0,164.0,150.0,160.0,154.0,170.0,172.0,152.0,182.0,164.0,170.0,168.0,160.0,172.0,168.0,172.0,164.0,178.0,164.0,146.0,152.0,156.0,160.0,166.0,154.0,162.0,156.0,158.0,150.0,166.0,164.0,164.0,172.0,170.0,166.0,158.0,162.0,178.0,158.0,160.0,158.0,158.0,174.0,166.0,166.0,186.0,172.0,170.0,160.0,188.0,164.0,178.0,186.0,166.0,152.0,162.0,166.0,178.0,168.0,172.0,192.0,154.0,184.0,180.0,190.0,168.0,174.0,164.0,166.0,176.0,174.0,164.0,176.0,180.0,168.0,188.0,152.0,184.0,174.0,178.0,176.0,174.0,176.0,176.0,178.0,182.0,170.0,182.0,172.0,180.0,170.0,172.0,194.0,164.0,180.0,164.0,170.0,180.0,188.0,174.0,194.0,182.0,180.0,190.0,176.0,176.0,184.0,170.0,180.0,174.0,180.0,170.0,178.0,182.0,166.0,170.0,190.0,174.0,204.0,192.0,186.0,168.0,182.0,186.0,184.0,174.0,194.0,182.0,184.0,180.0,186.0,192.0,180.0,184.0,192.0,198.0,170.0,172.0,196.0,176.0,184.0,176.0,184.0,182.0,186.0,168.0,178.0,190.0,192.0,184.0,182.0,180.0,184.0,186.0,180.0,184.0,158.0,200.0,180.0,188.0,184.0,188.0,188.0,200.0,186.0,190.0,196.0,190.0,212.0,162.0,196.0,184.0,190.0,180.0,182.0,188.0,188.0,194.0,182.0,204.0,186.0,178.0,202.0,184.0,182.0,194.0,194.0,222.0,164.0,180.0,208.0,190.0,200.0,194.0,188.0,202.0,200.0,172.0,198.0,172.0,186.0,196.0,186.0,174.0,176.0,180.0,190.0,202.0,202.0,186.0,200.0,196.0,166.0,164.0,184.0,174.0,198.0,186.0,180.0,180.0,178.0,184.0,180.0,186.0,204.0,196.0,174.0,174.0,190.0,192.0,182.0,204.0,190.0,208.0,204.0,198.0,180.0,194.0,190.0,204.0,186.0,188.0,208.0,200.0,176.0,198.0,202.0,200.0,186.0,202.0,188.0,188.0,188.0,176.0,186.0,184.0,194.0,188.0,194.0,206.0,188.0,198.0,178.0,200.0,190.0,204.0,194.0,178.0,190.0,198.0,202.0,194.0,198.0,196.0,194.0,194.0,204.0,204.0,200.0,198.0,216.0,196.0,200.0,196.0,210.0,212.0,182.0,190.0,190.0,204.0,202.0,200.0,198.0,198.0,192.0,196.0,214.0,198.0,192.0,184.0,198.0,196.0,214.0,188.0,188.0,208.0,212.0,184.0,206.0,218.0,218.0,214.0,182.0,208.0,206.0,210.0,180.0,218.0,196.0,202.0,198.0,174.0,194.0,202.0,188.0,236.0,214.0,224.0,210.0,216.0,216.0,206.0,186.0,206.0,204.0,208.0,206.0,208.0,210.0,204.0,222.0,190.0,214.0,186.0
4.6460799999999995,6.23962,204.0,184.0,198.0,192.0,212.0,202.0,204.0,194.0,198.0,208.0,206.0,186.0,194.0,202.0,208.0,192.0,210.0,212.0,208.0,200.0,216.0,192.0,202.0,196.0,222.0,226.0,210.0,212.0,224.0,198.0,210.0,220.0,206.0,216.0,218.0,220.0,226.0,222.0,218.0,200.0,220.0,204.0,214.0,212.0,222.0,218.0,232.0,196.0,230.0,226.0,222.0,214.0,224.0,204.0,212.0,208.0,204.0,222.0,234.0,234.0,224.0,230.0,220.0,206.0,212.0,220.0,230.0,230.0,216.0,234.0,224.0,222.0,220.0,226.0,232.0,232.0,234.0,224.0,230.0,230.0,222.0,246.0,248.0,236.0,250.0,228.0,248.0,208.0,388.0,352.0,230.0,220.0,220.0,224.0,248.0,234.0,234.0,238.0,234.0,206.0,236.0,224.0,226.0,226.0,236.0,222.0,218.0,250.0,252.0,224.0,232.0,230.0,236.0,250.0,242.0,258.0,234.0,256.0,226.0,236.0,232.0,224.0,238.0,214.0,232.0,236.0,236.0,220.0,256.0,230.0,244.0,254.0,272.0,250.0,236.0,246.0,250.0,248.0,250.0,240.0,256.0,228.0,242.0,234.0,260.0,238.0,248.0,222.0,234.0,234.0,232.0,238.0,246.0,252.0,258.0,272.0,248.0,242.0,244.0,228.0,226.0,248.0,234.0,238.0,232.0,262.0,244.0,258.0,244.0,222.0,256.0,248.0,242.0,238.0,242.0,232.0,254.0,256.0,242.0,248.0,246.0,242.0,274.0,262.0,250.0,248.0,268.0,262.0,262.0,272.0,236.0,264.0,254.0,262.0,252.0,254.0,246.0,266.0,252.0,260.0,252.0,262.0,252.0,264.0,252.0,268.0,236.0,260.0,244.0,264.0,236.0,254.0,254.0,234.0,252.0,280.0,244.0,258.0,248.0,244.0,256.0,250.0,238.0,254.0,248.0,246.0,252.0,278.0,254.0,236.0,250.0,240.0,252.0,240.0,246.0,254.0,230.0,274.0,262.0,260.0,258.0,264.0,266.0,252.0,244.0,270.0,258.0,260.0,244.0,260.0,272.0,270.0,278.0,254.0,256.0,260.0,272.0,270.0,278.0,250.0,284.0,276.0,272.0,262.0,282.0,256.0,256.0,274.0,270.0,274.0,274.0,260.0,266.0,256.0,268.0,242.0,268.0,270.0,280.0,274.0,280.0,262.0,272.0,270.0,264.0,274.0,284.0,260.0,286.0,278.0,284.0,294.0,262.0,274.0,264.0,248.0,272.0,270.0,262.0,276.0,288.0,286.0,278.0,268.0,282.0,290.0,294.0,294.0,276.0,282.0,288.0,282.0,290.0,274.0,298.0,295.0,292.0,280.0,286.0,302.0,302.0,262.0,296.0,282.0,288.0,294.0,286.0,302.0,262.0,292.0,290.0,282.0,302.0,298.0,286.0,278.0,296.0,290.0,272.0,278.0,296.0,286.0,312.0,284.0,300.0,282.0,304.0,280.0,284.0,316.0,294.0,302.0,280.0,312.0,302.0,284.0,296.0,306.0,280.0,300.0,298.0,292.0,298.0,304.0,304.0,296.0,306.0,312.0,278.0,274.0,316.0,304.0,306.0,312.0,284.0,314.0,294.0,300.0,308.0,288.0,310.0,310.0,312.0,308.0,304.0,304.0,324.0,322.0,320.0,320.0,326.0,316.0,336.0,282.0,300.0,312.0,312.0,314.0,280.0,288.0,328.0,326.0,286.0,306.0,322.0,296.0,314.0,314.0,324.0,338.0,312.0,282.0,318.0,314.0,318.0,334.0,296.0,330.0,340.0,312.0,332.0,308.0,320.0,316.0,324.0,320.0,332.0,322.0,332.0,336.0,316.0,320.0,326.0,298.0,310.0,330.0,320.0,308.0,330.0,302.0,330.0,330.0,348.0,316.0,328.0,324.0,308.0,328.0,322.0,340.0,348.0,332.0,326.0,354.0,334.0,332.0,358.0,314.0,320.0,340.0,324.0,328.0,322.0,324.0,322.0,308.0,344.0,340.0,322.0,324.0,334.0,342.0,332.0,324.0,340.0,330.0,332.0,340.0,316.0,312.0,336.0,308.0,346.0,318.0,314.0,324.0,338.0,322.0,320.0,316.0,308.0,328.0,334.0,332.0,326.0,344.0,320.0,322.0,348.0,328.0,342.0,352.0,332.0,354.0,346.0,354.0,354.0,346.0,340.0,336.0,342.0,356.0,352.0,342.0,332.0,350.0,354.0,346.0,336.0,320.0,344.0,362.0,330.0,324.0,354.0,368.0,342.0,350.0,342.0,356.0,338.0,378.0,352.0,338.0,328.0,332.0,354.0,364.0,376.0,362.0,352.0,358.0,362.0,338.0,332.0,362.0,352.0,346.0,338.0,342.0,330.0,344.0,336.0,362.0,346.0,344.0,370.0,346.0,356.0,342.0,354.0,368.0,346.0,360.0,342.0,336.0,332.0,356.0,376.0,348.0,364.0,336.0,336.0,340.0,344.0,338.0,356.0,326.0,336.0,360.0,356.0,360.0,366.0,360.0,368.0,348.0,362.0,354.0,370.0,362.0,364.0,358.0,368.0,340.0,342.0,336.0,372.0,350.0,366.0,362.0,366.0,348.0,350.0,362.0,366.0,368.0,348.0,354.0,344.0,374.0,366.0,334.0,340.0,364.0,352.0,372.0,370.0,358.0,348.0,356.0,358.0,354.0,364.0,384.0,366.0,376.0,372.0,332.0,360.0,356.0,368.0,374.0,352.0,358.0,354.0,346.0,356.0,336.0,384.0,364.0,352.0,368.0,358.0,336.0,378.0,350.0,366.0,380.0,366.0,360.0,350.0,388.0,352.0,380.0,366.0,366.0,376.0,362.0,386.0,354.0,366.0,362.0,370.0,356.0,410.0,394.0,348.0,380.0,380.0,356.0,372.0,362.0,388.0,382.0,356.0,354.0,392.0,364.0,382.0,368.0,366.0
4.6460799999999995,7.799523000000001,196.0,180.0,194.0,198.0,198.0,196.0,206.0,190.0,198.0,202.0,194.0,200.0,196.0,194.0,204.0,190.0,188.0,194.0,194.0,206.0,224.0,196.0,216.0,226.0,222.0,230.0,212.0,212.0,198.0,222.0,210.0,222.0,224.0,218.0,210.0,190.0,198.0,234.0,208.0,234.0,210.0,210.0,228.0,220.0,214.0,220.0,226.0,228.0,218.0,217.0,216.0,208.0,228.0,218.0,206.0,226.0,212.0,222.0,238.0,220.0,230.0,226.0,216.0,226.0,234.0,222.0,224.0,206.0,234.0,232.0,222.0,242.0,244.0,240.0,230.0,218.0,234.0,238.0,222.0,214.0,214.0,224.0,248.0,242.0,218.0,240.0,234.0,238.0,262.0,244.0,244.0,230.0,240.0,244.0,228.0,238.0,232.0,224.0,222.0,224.0,220.0,236.0,226.0,238.0,234.0,234.0,232.0,220.0,210.0,240.0,228.0,240.0,208.0,228.0,252.0,232.0,214.0,224.0,256.0,246.0,228.0,234.0,222.0,244.0,224.0,204.0,234.0,218.0,230.0,232.0,242.0,232.0,268.0,262.0,264.0,240.0,242.0,238.0,242.0,236.0,222.0,238.0,234.0,242.0,222.0,246.0,240.0,230.0,242.0,220.0,236.0,242.0,238.0,228.0,248.0,228.0,250.0,242.0,244.0,242.0,252.0,240.0,244.0,246.0,260.0,232.0,254.0,236.0,258.0,254.0,220.0,234.0,240.0,228.0,236.0,250.0,248.0,250.0,232.0,246.0,254.0,236.0,256.0,256.0,258.0,238.0,276.0,260.0,226.0,242.0,256.0,260.0,264.0,258.0,250.0,256.0,250.0,242.0,242.0,268.0,238.0,264.0,236.0,256.0,270.0,242.0,240.0,254.0,248.0,216.0,248.0,254.0,240.0,242.0,236.0,262.0,270.0,246.0,240.0,262.0,244.0,244.0,234.0,250.0,242.0,270.0,254.0,242.0,240.0,260.0,236.0,260.0,252.0,228.0,270.0,224.0,240.0,252.0,236.0,246.0,246.0,260.0,230.0,256.0,248.0,252.0,266.0,234.0,246.0,254.0,272.0,244.0,252.0,256.0,268.0,274.0,270.0,262.0,250.0,236.0,254.0,276.0,280.0,268.0,262.0,256.0,246.0,250.0,266.0,244.0,262.0,262.0,244.0,262.0,270.0,246.0,248.0,268.0,268.0,256.0,264.0,262.0,264.0,260.0,258.0,262.0,272.0,278.0,250.0,268.0,268.0,280.0,270.0,282.0,266.0,252.0,278.0,290.0,264.0,276.0,274.0,280.0,254.0,294.0,268.0,262.0,276.0,264.0,268.0,272.0,280.0,268.0,278.0,284.0,274.0,283.0,292.0,276.0,274.0,286.0,286.0,268.0,288.0,280.0,266.0,268.0,264.0,292.0,288.0,266.0,260.0,288.0,270.0,288.0,284.0,294.0,276.0,292.0,270.0,282.0,276.0,282.0,296.0,270.0,294.0,282.0,272.0,284.0,290.0,298.0,304.0,294.0,302.0,288.0,288.0,312.0,290.0,290.0,286.0,310.0,316.0,304.0,306.0,314.0,284.0,308.0,308.0,270.0,304.0,312.0,308.0,318.0,288.0,316.0,298.0,300.0,280.0,316.0,300.0,284.0,306.0,278.0,312.0,306.0,304.0,314.0,314.0,292.0,314.0,292.0,292.0,332.0,308.0,312.0,288.0,326.0,290.0,326.0,306.0,310.0,272.0,320.0,318.0,308.0,322.0,314.0,302.0,282.0,318.0,292.0,318.0,308.0,308.0,306.0,310.0,326.0,328.0,326.0,300.0,332.0,332.0,316.0,330.0,296.0,332.0,328.0,332.0,300.0,292.0,316.0,328.0,308.0,344.0,314.0,308.0,322.0,316.0,304.0,298.0,308.0,326.0,348.0,298.0,316.0,322.0,320.0,322.0,328.0,328.0,322.0,310.0,316.0,314.0,332.0,308.0,336.0,336.0,346.0,320.0,342.0,328.0,324.0,336.0,328.0,348.0,318.0,324.0,326.0,316.0,320.0,320.0,324.0,352.0,312.0,308.0,326.0,332.0,326.0,328.0,326.0,336.0,322.0,336.0,334.0,338.0,314.0,328.0,298.0,332.0,344.0,328.0,304.0,330.0,338.0,356.0,320.0,316.0,322.0,310.0,328.0,334.0,334.0,330.0,310.0,332.0,342.0,312.0,346.0,320.0,352.0,342.0,326.0,338.0,362.0,320.0,332.0,340.0,342.0,344.0,348.0,348.0,358.0,338.0,348.0,340.0,326.0,358.0,346.0,332.0,368.0,336.0,354.0,332.0,366.0,338.0,354.0,360.0,364.0,352.0,330.0,354.0,336.0,332.0,344.0,324.0,326.0,354.0,318.0,314.0,326.0,332.0,326.0,332.0,342.0,328.0,312.0,332.0,346.0,334.0,322.0,344.0,306.0,312.0,334.0,320.0,334.0,336.0,342.0,338.0,344.0,346.0,352.0,360.0,350.0,336.0,330.0,346.0,340.0,334.0,350.0,354.0,328.0,344.0,322.0,356.0,352.0,336.0,356.0,332.0,370.0,322.0,356.0,352.0,350.0,324.0,354.0,344.0,352.0,342.0,352.0,338.0,332.0,356.0,380.0,348.0,354.0,356.0,338.0,332.0,336.0,376.0,350.0,344.0,342.0,324.0,370.0,332.0,338.0,358.0,346.0,330.0,338.0,366.0,322.0,342.0,344.0,372.0,334.0,346.0,352.0,354.0,344.0,354.0,358.0,368.0,356.0,362.0,350.0,344.0,362.0,342.0,350.0,362.0,342.0,344.0,352.0,368.0,344.0,356.0,334.0,342.0,348.0,334.0,368.0,338.0,366.0,352.0,348.0,366.0,360.0,368.0,354.0,352.0,378.0,366.0,332.0,378.0,380.0,368.0,352.0,376.0,354.0,342.0,358.0,338.0,328.0,354.0,338.0,354.0,344.0,346.0
4.6460799999999995,9.35943,160.0,158.0,172.0,150.0,152.0,176.0,154.0,170.0,158.0,160.0,154.0,154.0,166.0,184.0,160.0,156.0,168.0,182.0,182.0,194.0,184.0,172.0,192.0,186.0,174.0,178.0,164.0,184.0,178.0,162.0,186.0,174.0,188.0,178.0,178.0,180.0,180.0,190.0,200.0,190.0,176.0,180.0,180.0,192.0,194.0,184.0,182.0,178.0,190.0,190.0,190.0,188.0,184.0,184.0,188.0,168.0,188.0,198.0,188.0,180.0,192.0,182.0,182.0,188.0,198.0,192.0,186.0,204.0,190.0,196.0,206.0,218.0,230.0,212.0,230.0,200.0,206.0,208.0,198.0,218.0,202.0,198.0,214.0,212.0,220.0,202.0,204.0,194.0,222.0,202.0,200.0,210.0,214.0,202.0,190.0,188.0,196.0,200.0,194.0,188.0,164.0,184.0,190.0,188.0,194.0,186.0,200.0,182.0,172.0,192.0,206.0,168.0,194.0,192.0,192.0,204.0,188.0,196.0,182.0,188.0,180.0,202.0,184.0,194.0,196.0,198.0,184.0,190.0,200.0,188.0,192.0,182.0,200.0,196.0,212.0,208.0,196.0,186.0,194.0,186.0,184.0,210.0,188.0,194.0,200.0,184.0,198.0,204.0,188.0,198.0,192.0,192.0,196.0,182.0,198.0,194.0,202.0,190.0,218.0,212.0,204.0,190.0,198.0,192.0,206.0,180.0,202.0,200.0,200.0,220.0,212.0,194.0,218.0,190.0,214.0,204.0,208.0,212.0,206.0,204.0,200.0,198.0,208.0,210.0,224.0,206.0,212.0,220.0,206.0,204.0,198.0,220.0,216.0,194.0,226.0,210.0,228.0,190.0,214.0,212.0,190.0,208.0,206.0,220.0,206.0,196.0,208.0,196.0,198.0,194.0,196.0,202.0,196.0,202.0,214.0,218.0,206.0,198.0,204.0,210.0,210.0,222.0,208.0,224.0,196.0,192.0,192.0,204.0,208.0,220.0,196.0,198.0,212.0,202.0,214.0,190.0,194.0,182.0,218.0,202.0,214.0,210.0,218.0,220.0,190.0,220.0,218.0,218.0,216.0,202.0,202.0,224.0,216.0,226.0,234.0,210.0,192.0,210.0,190.0,210.0,212.0,200.0,232.0,204.0,216.0,208.0,210.0,210.0,222.0,210.0,222.0,200.0,208.0,232.0,194.0,216.0,206.0,226.0,204.0,224.0,192.0,222.0,228.0,218.0,212.0,198.0,226.0,202.0,212.0,204.0,226.0,220.0,224.0,224.0,214.0,228.0,236.0,234.0,230.0,226.0,220.0,216.0,232.0,206.0,236.0,236.0,236.0,200.0,222.0,212.0,228.0,232.0,232.0,226.0,228.0,229.0,230.0,214.0,216.0,228.0,230.0,222.0,218.0,230.0,232.0,222.0,238.0,238.0,234.0,220.0,238.0,236.0,236.0,240.0,226.0,248.0,218.0,218.0,218.0,242.0,208.0,222.0,232.0,232.0,228.0,240.0,230.0,218.0,246.0,208.0,238.0,242.0,222.0,234.0,232.0,258.0,234.0,248.0,250.0,262.0,244.0,242.0,238.0,240.0,228.0,254.0,244.0,224.0,230.0,240.0,240.0,240.0,232.0,246.0,254.0,246.0,240.0,254.0,254.0,256.0,238.0,248.0,232.0,248.0,262.0,262.0,246.0,246.0,258.0,236.0,250.0,258.0,222.0,250.0,242.0,248.0,252.0,266.0,250.0,248.0,242.0,260.0,246.0,240.0,236.0,242.0,238.0,242.0,236.0,254.0,266.0,276.0,266.0,256.0,246.0,250.0,246.0,266.0,258.0,274.0,234.0,284.0,272.0,274.0,256.0,274.0,256.0,278.0,244.0,248.0,258.0,264.0,250.0,238.0,246.0,272.0,250.0,274.0,250.0,276.0,254.0,278.0,252.0,256.0,242.0,236.0,250.0,236.0,240.0,270.0,252.0,268.0,268.0,276.0,264.0,260.0,254.0,262.0,260.0,260.0,262.0,272.0,288.0,272.0,252.0,254.0,282.0,246.0,246.0,268.0,266.0,276.0,260.0,256.0,266.0,286.0,280.0,260.0,280.0,266.0,260.0,266.0,274.0,248.0,264.0,260.0,266.0,264.0,278.0,268.0,262.0,280.0,262.0,274.0,252.0,276.0,274.0,254.0,258.0,268.0,270.0,278.0,258.0,258.0,286.0,276.0,276.0,282.0,280.0,274.0,266.0,262.0,286.0,282.0,284.0,264.0,290.0,262.0,280.0,290.0,276.0,272.0,286.0,282.0,286.0,264.0,274.0,290.0,272.0,288.0,254.0,296.0,278.0,268.0,292.0,274.0,282.0,254.0,274.0,280.0,256.0,266.0,260.0,284.0,284.0,280.0,252.0,264.0,274.0,252.0,272.0,288.0,272.0,256.0,264.0,268.0,262.0,266.0,258.0,272.0,246.0,266.0,274.0,240.0,278.0,268.0,286.0,262.0,286.0,260.0,272.0,276.0,264.0,260.0,244.0,274.0,274.0,282.0,280.0,268.0,268.0,254.0,278.0,242.0,276.0,268.0,272.0,268.0,276.0,260.0,278.0,270.0,288.0,268.0,268.0,266.0,266.0,278.0,272.0,274.0,294.0,266.0,266.0,278.0,258.0,298.0,252.0,270.0,260.0,304.0,272.0,272.0,248.0,268.0,266.0,268.0,276.0,278.0,278.0,278.0,264.0,282.0,250.0,274.0,274.0,286.0,266.0,288.0,274.0,280.0,270.0,286.0,266.0,282.0,276.0,278.0,274.0,274.0,274.0,270.0,264.0,272.0,304.0,296.0,288.0,276.0,272.0,280.0,290.0,260.0,298.0,262.0,284.0,290.0,266.0,286.0,284.0,278.0,280.0,278.0,276.0,294.0,274.0,274.0,276.0,284.0,282.0,274.0,278.0,294.0,272.0,282.0,280.0,290.0,276.0,264.0,260.0,298.0,272.0,296.0,262.0
4.6460799999999995,10.91933,166.0,158.0,184.0,170.0,164.0,176.0,162.0,170.0,180.0,180.0,190.0,170.0,186.0,182.0,178.0,152.0,176.0,180.0,190.0,156.0,182.0,184.0,170.0,186.0,200.0,180.0,188.0,178.0,202.0,200.0,182.0,176.0,180.0,192.0,188.0,192.0,196.0,180.0,202.0,188.0,188.0,192.0,182.0,184.0,206.0,188.0,200.0,192.0,190.0,193.0,196.0,188.0,166.0,176.0,202.0,194.0,202.0,204.0,180.0,200.0,196.0,186.0,182.0,192.0,200.0,188.0,182.0,204.0,204.0,190.0,182.0,204.0,212.0,224.0,204.0,214.0,220.0,210.0,202.0,206.0,204.0,208.0,212.0,202.0,224.0,214.0,196.0,214.0,198.0,208.0,214.0,226.0,178.0,186.0,194.0,202.0,210.0,196.0,180.0,196.0,186.0,202.0,192.0,210.0,198.0,200.0,220.0,176.0,210.0,182.0,186.0,184.0,204.0,200.0,184.0,188.0,210.0,196.0,202.0,186.0,190.0,196.0,198.0,202.0,190.0,186.0,176.0,206.0,210.0,188.0,180.0,204.0,212.0,196.0,214.0,206.0,204.0,202.0,204.0,218.0,204.0,192.0,190.0,204.0,212.0,206.0,214.0,186.0,206.0,208.0,222.0,186.0,206.0,196.0,194.0,212.0,198.0,202.0,192.0,210.0,212.0,220.0,194.0,210.0,192.0,212.0,204.0,206.0,214.0,222.0,210.0,230.0,202.0,210.0,212.0,200.0,220.0,206.0,192.0,204.0,222.0,216.0,196.0,222.0,220.0,226.0,216.0,198.0,204.0,226.0,208.0,206.0,214.0,220.0,220.0,210.0,212.0,200.0,214.0,212.0,204.0,218.0,208.0,200.0,228.0,218.0,204.0,182.0,214.0,210.0,224.0,230.0,216.0,198.0,214.0,228.0,212.0,210.0,210.0,208.0,194.0,218.0,216.0,230.0,220.0,216.0,198.0,220.0,212.0,216.0,208.0,218.0,206.0,222.0,200.0,204.0,212.0,216.0,210.0,216.0,224.0,222.0,214.0,222.0,192.0,222.0,206.0,222.0,234.0,218.0,210.0,220.0,218.0,228.0,226.0,208.0,240.0,218.0,218.0,224.0,230.0,214.0,206.0,222.0,200.0,212.0,232.0,224.0,228.0,206.0,228.0,212.0,208.0,206.0,208.0,226.0,224.0,240.0,208.0,210.0,224.0,218.0,204.0,224.0,218.0,218.0,250.0,224.0,222.0,230.0,222.0,222.0,218.0,212.0,222.0,218.0,244.0,208.0,218.0,220.0,228.0,226.0,212.0,240.0,224.0,232.0,230.0,210.0,242.0,214.0,244.0,216.0,222.0,234.0,240.0,236.0,232.0,240.0,222.0,206.0,234.0,212.0,216.0,226.0,238.0,204.0,224.0,240.0,218.0,234.0,240.0,228.0,230.0,228.0,234.0,216.0,242.0,226.0,230.0,236.0,224.0,234.0,246.0,228.0,250.0,254.0,228.0,236.0,236.0,240.0,244.0,254.0,236.0,254.0,236.0,252.0,250.0,246.0,230.0,214.0,256.0,272.0,240.0,244.0,230.0,256.0,234.0,254.0,252.0,254.0,228.0,248.0,254.0,230.0,242.0,246.0,242.0,252.0,246.0,236.0,240.0,234.0,242.0,248.0,264.0,264.0,248.0,244.0,246.0,236.0,250.0,254.0,236.0,220.0,228.0,238.0,252.0,228.0,270.0,240.0,244.0,254.0,240.0,240.0,236.0,246.0,244.0,270.0,242.0,248.0,252.0,240.0,244.0,248.0,234.0,254.0,260.0,248.0,256.0,266.0,250.0,258.0,258.0,248.0,266.0,256.0,254.0,250.0,256.0,250.0,262.0,260.0,242.0,274.0,270.0,254.0,238.0,242.0,266.0,258.0,252.0,246.0,244.0,250.0,252.0,252.0,236.0,240.0,232.0,250.0,272.0,256.0,260.0,264.0,252.0,246.0,252.0,234.0,256.0,250.0,294.0,248.0,234.0,236.0,264.0,244.0,252.0,280.0,250.0,254.0,290.0,278.0,258.0,270.0,262.0,234.0,264.0,254.0,258.0,262.0,240.0,254.0,248.0,246.0,248.0,250.0,260.0,262.0,274.0,248.0,258.0,224.0,260.0,258.0,236.0,244.0,248.0,252.0,252.0,268.0,256.0,254.0,254.0,254.0,256.0,260.0,264.0,264.0,262.0,256.0,272.0,264.0,252.0,252.0,286.0,270.0,276.0,262.0,284.0,266.0,252.0,268.0,274.0,246.0,264.0,266.0,272.0,276.0,274.0,288.0,264.0,250.0,262.0,268.0,270.0,278.0,268.0,272.0,252.0,280.0,264.0,268.0,254.0,258.0,256.0,258.0,250.0,260.0,276.0,270.0,250.0,270.0,282.0,264.0,288.0,258.0,252.0,270.0,248.0,288.0,268.0,246.0,272.0,252.0,280.0,256.0,250.0,268.0,272.0,242.0,276.0,262.0,242.0,258.0,260.0,248.0,266.0,264.0,274.0,276.0,260.0,282.0,280.0,264.0,258.0,276.0,266.0,290.0,274.0,290.0,268.0,258.0,262.0,272.0,260.0,260.0,276.0,246.0,266.0,266.0,270.0,264.0,270.0,288.0,264.0,268.0,264.0,270.0,278.0,286.0,254.0,280.0,258.0,258.0,276.0,276.0,274.0,260.0,262.0,274.0,256.0,268.0,270.0,246.0,268.0,252.0,258.0,258.0,262.0,268.0,262.0,270.0,264.0,252.0,288.0,244.0,286.0,282.0,294.0,294.0,272.0,298.0,258.0,268.0,258.0,252.0,268.0,266.0,276.0,266.0,286.0,272.0,286.0,254.0,260.0,286.0,280.0,276.0,276.0,274.0,272.0,262.0,276.0,278.0,286.0,254.0,264.0,270.0,290.0,272.0,288.0,296.0,266.0,278.0,266.0,290.0,256.0,268.0,274.0,282.0,272.0
4.6460799999999995,12.479230000000001,186.0,202.0,200.0,200.0,200.0,182.0,194.0,194.0,210.0,176.0,190.0,180.0,178.0,172.0,198.0,184.0,202.0,206.0,210.0,210.0,204.0,210.0,220.0,214.0,212.0,222.0,212.0,234.0,218.0,218.0,218.0,214.0,202.0,230.0,212.0,216.0,206.0,220.0,232.0,188.0,230.0,196.0,202.0,204.0,202.0,204.0,200.0,230.0,218.0,212.0,206.0,226.0,210.0,216.0,208.0,206.0,220.0,220.0,214.0,222.0,216.0,208.0,228.0,232.0,216.0,212.0,222.0,234.0,198.0,188.0,224.0,208.0,214.0,224.0,222.0,226.0,212.0,222.0,220.0,208.0,214.0,212.0,234.0,218.0,240.0,232.0,224.0,236.0,210.0,212.0,214.0,238.0,246.0,234.0,222.0,204.0,218.0,206.0,216.0,220.0,218.0,228.0,210.0,208.0,208.0,200.0,230.0,208.0,222.0,204.0,214.0,216.0,200.0,216.0,200.0,226.0,210.0,202.0,212.0,218.0,206.0,222.0,234.0,212.0,234.0,212.0,236.0,232.0,240.0,236.0,240.0,220.0,238.0,248.0,260.0,252.0,242.0,220.0,228.0,234.0,236.0,218.0,216.0,240.0,220.0,220.0,244.0,198.0,220.0,226.0,246.0,230.0,242.0,226.0,226.0,242.0,222.0,238.0,226.0,226.0,234.0,250.0,232.0,230.0,230.0,234.0,230.0,234.0,238.0,220.0,230.0,216.0,242.0,232.0,234.0,238.0,248.0,236.0,250.0,244.0,246.0,236.0,230.0,246.0,238.0,234.0,244.0,246.0,232.0,240.0,230.0,242.0,242.0,246.0,244.0,236.0,224.0,220.0,222.0,250.0,224.0,236.0,248.0,236.0,250.0,234.0,250.0,230.0,214.0,240.0,234.0,246.0,240.0,228.0,228.0,216.0,222.0,224.0,228.0,244.0,228.0,234.0,232.0,252.0,228.0,226.0,248.0,246.0,246.0,218.0,242.0,236.0,240.0,230.0,226.0,214.0,228.0,234.0,230.0,246.0,246.0,254.0,246.0,238.0,226.0,244.0,224.0,226.0,236.0,252.0,250.0,246.0,236.0,240.0,234.0,266.0,228.0,228.0,244.0,236.0,228.0,252.0,248.0,246.0,254.0,242.0,228.0,250.0,250.0,260.0,248.0,256.0,256.0,240.0,236.0,250.0,242.0,230.0,246.0,242.0,212.0,228.0,234.0,224.0,262.0,226.0,244.0,240.0,236.0,238.0,262.0,242.0,244.0,250.0,260.0,242.0,240.0,252.0,256.0,234.0,256.0,262.0,248.0,256.0,242.0,256.0,256.0,246.0,262.0,252.0,276.0,250.0,246.0,236.0,272.0,272.0,272.0,274.0,240.0,262.0,262.0,252.0,268.0,264.0,246.0,266.0,256.0,254.0,260.0,272.0,258.0,250.0,252.0,258.0,274.0,274.0,254.0,256.0,272.0,266.0,262.0,252.0,274.0,254.0,268.0,282.0,258.0,246.0,278.0,270.0,276.0,252.0,260.0,262.0,274.0,280.0,268.0,266.0,246.0,286.0,248.0,268.0,276.0,262.0,268.0,262.0,268.0,266.0,270.0,262.0,270.0,258.0,270.0,248.0,274.0,290.0,266.0,258.0,262.0,260.0,266.0,290.0,264.0,268.0,274.0,270.0,278.0,286.0,282.0,256.0,274.0,262.0,260.0,260.0,268.0,272.0,276.0,278.0,272.0,296.0,270.0,258.0,274.0,282.0,280.0,308.0,280.0,270.0,278.0,290.0,262.0,274.0,286.0,296.0,272.0,294.0,284.0,282.0,264.0,286.0,276.0,282.0,278.0,276.0,290.0,266.0,286.0,262.0,306.0,278.0,288.0,272.0,284.0,284.0,286.0,286.0,284.0,282.0,262.0,306.0,278.0,290.0,300.0,262.0,290.0,270.0,274.0,298.0,310.0,282.0,270.0,270.0,280.0,296.0,264.0,272.0,298.0,286.0,296.0,290.0,306.0,300.0,294.0,296.0,294.0,276.0,292.0,282.0,282.0,286.0,306.0,278.0,302.0,292.0,294.0,276.0,288.0,286.0,306.0,288.0,288.0,276.0,282.0,276.0,272.0,274.0,276.0,294.0,298.0,298.0,268.0,302.0,298.0,284.0,286.0,282.0,280.0,286.0,274.0,278.0,290.0,272.0,306.0,284.0,276.0,294.0,290.0,298.0,282.0,276.0,306.0,292.0,306.0,302.0,310.0,306.0,296.0,318.0,300.0,296.0,292.0,294.0,290.0,298.0,292.0,294.0,286.0,288.0,304.0,296.0,298.0,296.0,298.0,316.0,298.0,280.0,304.0,308.0,288.0,296.0,292.0,292.0,302.0,306.0,302.0,306.0,294.0,304.0,308.0,310.0,306.0,294.0,302.0,304.0,312.0,304.0,276.0,288.0,300.0,284.0,300.0,296.0,286.0,278.0,292.0,284.0,298.0,278.0,310.0,284.0,316.0,288.0,320.0,310.0,318.0,276.0,310.0,314.0,294.0,310.0,276.0,296.0,294.0,310.0,306.0,306.0,274.0,310.0,310.0,306.0,312.0,304.0,316.0,312.0,302.0,320.0,318.0,298.0,294.0,310.0,312.0,306.0,300.0,312.0,312.0,320.0,296.0,298.0,302.0,318.0,292.0,312.0,272.0,290.0,308.0,292.0,302.0,310.0,296.0,286.0,298.0,290.0,298.0,298.0,312.0,294.0,306.0,290.0,284.0,308.0,302.0,320.0,290.0,304.0,302.0,316.0,276.0,330.0,324.0,306.0,294.0,306.0,304.0,294.0,318.0,324.0,312.0,276.0,308.0,316.0,306.0,318.0,314.0,316.0,310.0,328.0,306.0,326.0,300.0,306.0,326.0,314.0,322.0,290.0,296.0,330.0,312.0,324.0,288.0,328.0,310.0,310.0,326.0,292.0,286.0,330.0,312.0,330.0,300.0,312.0,312.0
4.6460799999999995,14.03914,168.0,176.0,158.0,164.0,168.0,170.0,158.0,162.0,160.0,174.0,174.0,174.0,174.0,172.0,160.0,174.0,186.0,176.0,180.0,178.0,192.0,182.0,200.0,198.0,190.0,202.0,186.0,192.0,188.0,196.0,214.0,192.0,214.0,194.0,196.0,192.0,172.0,190.0,194.0,198.0,188.0,178.0,182.0,176.0,186.0,180.0,178.0,170.0,186.0,182.0,178.0,180.0,202.0,190.0,188.0,192.0,192.0,202.0,220.0,218.0,194.0,202.0,188.0,190.0,196.0,192.0,194.0,186.0,192.0,180.0,174.0,178.0,172.0,186.0,202.0,196.0,182.0,182.0,190.0,196.0,202.0,190.0,184.0,198.0,186.0,200.0,196.0,180.0,174.0,190.0,192.0,200.0,184.0,184.0,186.0,198.0,198.0,172.0,196.0,192.0,200.0,200.0,168.0,190.0,194.0,180.0,176.0,180.0,190.0,172.0,192.0,198.0,192.0,162.0,194.0,202.0,184.0,192.0,186.0,198.0,194.0,190.0,206.0,196.0,202.0,198.0,218.0,192.0,214.0,196.0,222.0,208.0,228.0,238.0,246.0,246.0,212.0,206.0,218.0,218.0,176.0,196.0,182.0,198.0,188.0,210.0,172.0,188.0,208.0,190.0,180.0,192.0,198.0,186.0,192.0,196.0,200.0,196.0,192.0,186.0,196.0,198.0,200.0,194.0,186.0,180.0,210.0,178.0,188.0,196.0,202.0,186.0,202.0,192.0,190.0,180.0,186.0,176.0,184.0,180.0,198.0,182.0,188.0,196.0,200.0,200.0,184.0,208.0,196.0,204.0,196.0,192.0,186.0,186.0,200.0,204.0,186.0,198.0,186.0,194.0,198.0,198.0,210.0,200.0,194.0,200.0,184.0,190.0,198.0,180.0,188.0,192.0,188.0,190.0,198.0,200.0,194.0,204.0,200.0,200.0,216.0,182.0,208.0,210.0,200.0,216.0,216.0,194.0,192.0,212.0,220.0,204.0,186.0,204.0,198.0,222.0,206.0,188.0,186.0,198.0,214.0,214.0,216.0,210.0,196.0,206.0,198.0,214.0,202.0,216.0,188.0,214.0,204.0,224.0,202.0,196.0,210.0,198.0,216.0,214.0,204.0,220.0,214.0,216.0,194.0,180.0,202.0,218.0,194.0,212.0,194.0,210.0,196.0,216.0,218.0,216.0,230.0,218.0,208.0,224.0,218.0,214.0,218.0,200.0,218.0,208.0,204.0,220.0,218.0,194.0,204.0,200.0,218.0,208.0,222.0,222.0,214.0,214.0,232.0,218.0,228.0,204.0,226.0,226.0,216.0,226.0,212.0,198.0,228.0,242.0,222.0,216.0,216.0,236.0,234.0,236.0,238.0,222.0,218.0,220.0,218.0,224.0,240.0,234.0,224.0,228.0,242.0,200.0,210.0,236.0,232.0,222.0,222.0,208.0,234.0,222.0,226.0,218.0,228.0,222.0,208.0,228.0,218.0,222.0,224.0,222.0,222.0,240.0,230.0,232.0,200.0,232.0,232.0,236.0,230.0,238.0,216.0,240.0,230.0,218.0,218.0,228.0,246.0,212.0,228.0,232.0,220.0,224.0,228.0,236.0,238.0,238.0,228.0,226.0,244.0,240.0,238.0,216.0,226.0,220.0,240.0,206.0,222.0,244.0,242.0,252.0,220.0,236.0,244.0,240.0,208.0,234.0,240.0,234.0,226.0,226.0,246.0,226.0,248.0,240.0,232.0,222.0,224.0,246.0,238.0,232.0,246.0,236.0,234.0,218.0,226.0,236.0,216.0,222.0,236.0,244.0,228.0,232.0,234.0,240.0,252.0,268.0,236.0,236.0,248.0,252.0,248.0,254.0,254.0,258.0,226.0,234.0,232.0,228.0,226.0,226.0,244.0,252.0,250.0,234.0,246.0,232.0,226.0,246.0,242.0,246.0,222.0,246.0,252.0,250.0,232.0,246.0,206.0,246.0,240.0,240.0,236.0,256.0,244.0,246.0,238.0,252.0,258.0,222.0,242.0,264.0,238.0,246.0,264.0,256.0,236.0,238.0,258.0,222.0,246.0,234.0,246.0,230.0,262.0,250.0,246.0,252.0,254.0,246.0,272.0,246.0,248.0,222.0,238.0,264.0,242.0,236.0,252.0,278.0,248.0,228.0,252.0,272.0,256.0,234.0,240.0,220.0,262.0,242.0,254.0,252.0,256.0,260.0,242.0,254.0,254.0,260.0,246.0,244.0,262.0,238.0,274.0,264.0,246.0,252.0,266.0,250.0,242.0,246.0,268.0,264.0,252.0,260.0,256.0,260.0,266.0,266.0,264.0,252.0,272.0,246.0,262.0,252.0,266.0,238.0,252.0,270.0,264.0,256.0,252.0,246.0,250.0,248.0,260.0,246.0,264.0,248.0,264.0,230.0,270.0,250.0,238.0,256.0,234.0,258.0,252.0,242.0,242.0,250.0,266.0,256.0,258.0,254.0,246.0,256.0,262.0,274.0,256.0,254.0,260.0,244.0,244.0,280.0,252.0,272.0,256.0,274.0,250.0,252.0,266.0,262.0,268.0,268.0,276.0,266.0,264.0,260.0,246.0,244.0,262.0,268.0,246.0,274.0,248.0,254.0,256.0,268.0,282.0,264.0,254.0,250.0,246.0,250.0,266.0,262.0,244.0,252.0,280.0,264.0,244.0,272.0,262.0,266.0,268.0,256.0,264.0,258.0,260.0,270.0,260.0,274.0,258.0,258.0,264.0,266.0,250.0,264.0,264.0,254.0,244.0,270.0,252.0,260.0,276.0,276.0,272.0,248.0,252.0,280.0,276.0,268.0,264.0,278.0,264.0,278.0,260.0,274.0,266.0,256.0,294.0,266.0,280.0,258.0,282.0,264.0,258.0,254.0,266.0,266.0,260.0,272.0,264.0,286.0,266.0,280.0,272.0,274.0,274.0,252.0,278.0,274.0,272.0,258.0,258.0,266.0,270.0
6.19477,0.0,114.0,100.0,104.0,92.0,100.0,90.0,104.0,104.0,96.0,86.0,92.0,108.0,108.0,98.0,98.0,96.0,110.0,120.0,120.0,116.0,120.0,114.0,108.0,108.0,110.0,110.0,114.0,134.0,124.0,122.0,128.0,116.0,124.0,116.0,120.0,122.0,110.0,110.0,116.0,112.0,112.0,120.0,114.0,120.0,110.0,110.0,114.0,108.0,112.0,117.0,122.0,118.0,114.0,116.0,126.0,136.0,124.0,116.0,118.0,122.0,124.0,118.0,116.0,118.0,116.0,108.0,114.0,118.0,114.0,104.0,112.0,110.0,116.0,116.0,118.0,124.0,122.0,118.0,110.0,106.0,122.0,108.0,126.0,108.0,108.0,116.0,116.0,118.0,112.0,126.0,116.0,128.0,114.0,100.0,106.0,116.0,112.0,118.0,110.0,112.0,110.0,112.0,114.0,100.0,124.0,102.0,116.0,98.0,104.0,102.0,110.0,96.0,112.0,112.0,108.0,114.0,116.0,108.0,112.0,100.0,110.0,122.0,106.0,112.0,124.0,132.0,102.0,130.0,118.0,114.0,122.0,130.0,138.0,158.0,128.0,134.0,136.0,130.0,116.0,124.0,124.0,118.0,120.0,116.0,124.0,108.0,110.0,114.0,108.0,102.0,116.0,94.0,118.0,124.0,118.0,106.0,114.0,102.0,100.0,108.0,104.0,122.0,114.0,108.0,106.0,96.0,104.0,124.0,108.0,94.0,102.0,96.0,108.0,104.0,110.0,110.0,116.0,98.0,112.0,112.0,102.0,112.0,100.0,118.0,118.0,120.0,112.0,98.0,104.0,112.0,122.0,122.0,108.0,122.0,118.0,98.0,100.0,108.0,100.0,114.0,118.0,116.0,112.0,104.0,112.0,112.0,122.0,116.0,124.0,112.0,110.0,92.0,108.0,110.0,110.0,118.0,120.0,110.0,118.0,114.0,126.0,112.0,116.0,130.0,118.0,118.0,122.0,104.0,116.0,116.0,120.0,118.0,120.0,120.0,112.0,110.0,96.0,112.0,102.0,118.0,124.0,120.0,118.0,114.0,104.0,116.0,116.0,116.0,122.0,130.0,116.0,120.0,110.0,98.0,116.0,130.0,112.0,102.0,120.0,126.0,112.0,120.0,110.0,116.0,112.0,114.0,122.0,120.0,104.0,114.0,118.0,118.0,124.0,114.0,124.0,102.0,112.0,116.0,120.0,110.0,128.0,134.0,110.0,124.0,116.0,128.0,132.0,122.0,130.0,124.0,124.0,144.0,124.0,110.0,132.0,118.0,110.0,114.0,126.0,114.0,128.0,128.0,122.0,128.0,124.0,132.0,116.0,140.0,130.0,118.0,120.0,126.0,116.0,128.0,118.0,126.0,134.0,138.0,126.0,136.0,126.0,118.0,130.0,120.0,124.0,128.0,136.0,132.0,126.0,118.0,118.0,112.0,114.0,128.0,118.0,132.0,124.0,116.0,112.0,132.0,134.0,128.0,142.0,132.0,132.0,106.0,128.0,124.0,130.0,126.0,130.0,138.0,130.0,120.0,132.0,114.0,138.0,138.0,124.0,114.0,122.0,136.0,114.0,124.0,130.0,118.0,138.0,130.0,138.0,124.0,128.0,134.0,144.0,108.0,136.0,116.0,126.0,134.0,112.0,128.0,128.0,130.0,124.0,128.0,136.0,118.0,132.0,122.0,120.0,126.0,126.0,140.0,124.0,122.0,150.0,124.0,136.0,114.0,120.0,130.0,128.0,124.0,134.0,132.0,128.0,140.0,134.0,134.0,144.0,134.0,150.0,120.0,128.0,130.0,136.0,126.0,132.0,134.0,134.0,130.0,144.0,136.0,132.0,132.0,118.0,132.0,134.0,150.0,140.0,144.0,120.0,126.0,140.0,138.0,142.0,144.0,136.0,126.0,142.0,132.0,132.0,136.0,140.0,138.0,136.0,126.0,128.0,130.0,140.0,144.0,138.0,144.0,152.0,128.0,142.0,128.0,134.0,130.0,138.0,124.0,122.0,124.0,148.0,134.0,136.0,122.0,144.0,130.0,150.0,128.0,134.0,126.0,130.0,138.0,152.0,136.0,130.0,136.0,122.0,132.0,118.0,122.0,132.0,134.0,126.0,120.0,136.0,150.0,132.0,140.0,124.0,128.0,144.0,134.0,136.0,128.0,144.0,128.0,146.0,138.0,126.0,132.0,130.0,138.0,148.0,118.0,140.0,172.0,136.0,132.0,140.0,142.0,134.0,142.0,136.0,124.0,126.0,136.0,146.0,140.0,152.0,132.0,148.0,140.0,154.0,150.0,134.0,132.0,134.0,134.0,152.0,138.0,142.0,138.0,134.0,128.0,140.0,146.0,132.0,146.0,144.0,126.0,140.0,146.0,132.0,132.0,154.0,152.0,132.0,140.0,142.0,130.0,140.0,128.0,156.0,128.0,146.0,130.0,138.0,144.0,142.0,142.0,128.0,148.0,134.0,142.0,146.0,142.0,136.0,140.0,134.0,122.0,144.0,142.0,150.0,138.0,136.0,130.0,136.0,122.0,140.0,134.0,146.0,130.0,144.0,152.0,148.0,134.0,150.0,130.0,128.0,142.0,140.0,142.0,150.0,132.0,132.0,138.0,150.0,134.0,138.0,148.0,160.0,134.0,156.0,136.0,142.0,142.0,140.0,140.0,122.0,140.0,136.0,150.0,156.0,134.0,160.0,146.0,152.0,138.0,136.0,152.0,144.0,136.0,134.0,142.0,148.0,138.0,146.0,134.0,146.0,142.0,130.0,138.0,138.0,134.0,152.0,142.0,150.0,150.0,136.0,134.0,152.0,138.0,138.0,146.0,140.0,148.0,160.0,152.0,150.0,146.0,150.0,136.0,144.0,144.0,128.0,144.0,156.0,152.0,142.0,150.0,126.0,154.0,142.0,138.0,150.0,156.0,142.0,144.0,162.0,136.0,126.0,152.0,140.0,146.0,136.0,146.0,156.0,144.0,154.0
6.19477,1.5599100000000004,100.0,94.0,82.0,88.0,84.0,90.0,76.0,86.0,82.0,84.0,82.0,82.0,82.0,76.0,90.0,92.0,100.0,90.0,94.0,102.0,104.0,102.0,100.0,84.0,98.0,112.0,92.0,96.0,106.0,104.0,104.0,108.0,106.0,98.0,100.0,100.0,92.0,88.0,108.0,98.0,90.0,104.0,92.0,86.0,90.0,100.0,88.0,84.0,94.0,104.0,114.0,94.0,96.0,108.0,102.0,106.0,106.0,92.0,90.0,110.0,116.0,116.0,102.0,96.0,88.0,98.0,116.0,90.0,82.0,96.0,92.0,98.0,90.0,96.0,82.0,104.0,104.0,98.0,112.0,110.0,102.0,92.0,98.0,94.0,108.0,98.0,106.0,106.0,106.0,102.0,110.0,90.0,88.0,96.0,100.0,94.0,90.0,106.0,90.0,84.0,88.0,92.0,92.0,84.0,90.0,80.0,82.0,94.0,86.0,88.0,100.0,90.0,80.0,88.0,84.0,92.0,84.0,88.0,88.0,96.0,100.0,92.0,92.0,100.0,100.0,102.0,98.0,96.0,90.0,92.0,102.0,110.0,106.0,116.0,114.0,118.0,118.0,92.0,90.0,100.0,94.0,84.0,96.0,98.0,94.0,88.0,86.0,90.0,76.0,96.0,92.0,100.0,92.0,90.0,98.0,90.0,82.0,100.0,76.0,84.0,94.0,92.0,84.0,96.0,90.0,100.0,84.0,98.0,84.0,92.0,84.0,92.0,94.0,90.0,78.0,94.0,100.0,94.0,90.0,98.0,88.0,96.0,88.0,102.0,102.0,98.0,100.0,90.0,92.0,94.0,88.0,104.0,100.0,86.0,88.0,98.0,96.0,94.0,92.0,104.0,94.0,94.0,84.0,98.0,100.0,100.0,98.0,98.0,90.0,102.0,84.0,80.0,88.0,82.0,88.0,100.0,86.0,92.0,86.0,98.0,96.0,106.0,90.0,84.0,98.0,98.0,90.0,84.0,94.0,90.0,90.0,90.0,100.0,96.0,90.0,92.0,88.0,100.0,86.0,80.0,88.0,94.0,90.0,80.0,92.0,96.0,100.0,98.0,90.0,96.0,100.0,94.0,86.0,88.0,102.0,96.0,82.0,106.0,84.0,86.0,90.0,86.0,94.0,96.0,88.0,96.0,92.0,94.0,88.0,84.0,84.0,98.0,86.0,88.0,90.0,100.0,86.0,98.0,82.0,88.0,98.0,94.0,100.0,86.0,100.0,98.0,100.0,92.0,96.0,98.0,108.0,92.0,106.0,96.0,94.0,96.0,104.0,108.0,98.0,104.0,98.0,100.0,96.0,104.0,94.0,98.0,102.0,100.0,94.0,106.0,100.0,100.0,100.0,104.0,102.0,96.0,90.0,102.0,106.0,98.0,102.0,100.0,104.0,96.0,104.0,104.0,112.0,102.0,102.0,104.0,106.0,100.0,108.0,86.0,100.0,100.0,106.0,108.0,110.0,104.0,100.0,94.0,98.0,94.0,102.0,96.0,94.0,112.0,110.0,104.0,98.0,108.0,96.0,106.0,96.0,102.0,106.0,96.0,100.0,98.0,102.0,102.0,96.0,110.0,116.0,108.0,100.0,112.0,100.0,102.0,104.0,120.0,94.0,104.0,92.0,102.0,108.0,100.0,96.0,100.0,98.0,102.0,98.0,88.0,92.0,104.0,106.0,106.0,102.0,102.0,104.0,96.0,112.0,108.0,120.0,96.0,102.0,86.0,102.0,106.0,102.0,100.0,100.0,108.0,110.0,80.0,104.0,110.0,112.0,106.0,108.0,106.0,98.0,98.0,112.0,110.0,104.0,108.0,110.0,106.0,118.0,114.0,96.0,102.0,110.0,110.0,110.0,106.0,114.0,104.0,118.0,100.0,116.0,102.0,122.0,90.0,102.0,110.0,100.0,100.0,118.0,106.0,102.0,108.0,104.0,100.0,106.0,106.0,108.0,118.0,100.0,118.0,108.0,110.0,110.0,106.0,108.0,114.0,108.0,110.0,124.0,122.0,108.0,116.0,98.0,118.0,122.0,108.0,116.0,106.0,118.0,114.0,100.0,112.0,116.0,110.0,114.0,100.0,110.0,104.0,116.0,120.0,98.0,102.0,120.0,96.0,108.0,94.0,102.0,114.0,120.0,114.0,102.0,110.0,114.0,110.0,122.0,104.0,124.0,116.0,112.0,112.0,106.0,104.0,112.0,112.0,116.0,112.0,116.0,120.0,122.0,116.0,120.0,90.0,118.0,108.0,116.0,98.0,106.0,106.0,108.0,102.0,114.0,118.0,98.0,118.0,98.0,112.0,104.0,110.0,110.0,108.0,114.0,112.0,118.0,110.0,108.0,116.0,108.0,108.0,120.0,114.0,104.0,108.0,116.0,116.0,114.0,108.0,120.0,98.0,118.0,110.0,108.0,118.0,102.0,96.0,108.0,112.0,102.0,108.0,116.0,110.0,106.0,118.0,120.0,118.0,120.0,108.0,116.0,104.0,114.0,112.0,116.0,118.0,110.0,108.0,118.0,102.0,110.0,118.0,112.0,116.0,112.0,116.0,124.0,108.0,108.0,120.0,112.0,106.0,110.0,104.0,108.0,114.0,98.0,100.0,108.0,118.0,116.0,126.0,102.0,106.0,106.0,114.0,106.0,102.0,112.0,110.0,112.0,124.0,108.0,108.0,108.0,104.0,124.0,110.0,114.0,114.0,116.0,100.0,104.0,116.0,114.0,106.0,108.0,96.0,112.0,116.0,112.0,114.0,96.0,112.0,116.0,112.0,108.0,116.0,104.0,104.0,114.0,120.0,108.0,118.0,116.0,108.0,110.0,112.0,114.0,124.0,104.0,108.0,130.0,112.0,116.0,106.0,110.0,104.0,110.0,114.0,122.0,118.0,110.0,128.0,108.0,110.0,120.0,114.0,106.0,128.0,116.0,108.0,122.0,112.0,112.0,98.0,118.0,106.0,108.0,112.0,114.0,112.0,122.0
6.19477,3.11981,80.0,78.0,86.0,78.0,80.0,66.0,80.0,76.0,78.0,80.0,80.0,68.0,74.0,72.0,82.0,80.0,96.0,80.0,72.0,100.0,80.0,94.0,88.0,98.0,88.0,94.0,104.0,98.0,88.0,84.0,98.0,88.0,96.0,94.0,86.0,88.0,84.0,86.0,78.0,92.0,94.0,76.0,78.0,90.0,84.0,80.0,94.0,82.0,88.0,93.0,98.0,86.0,90.0,98.0,88.0,96.0,94.0,92.0,96.0,90.0,98.0,100.0,96.0,98.0,94.0,86.0,82.0,98.0,78.0,82.0,92.0,84.0,86.0,78.0,98.0,72.0,82.0,92.0,94.0,92.0,96.0,86.0,94.0,94.0,96.0,92.0,80.0,100.0,84.0,92.0,92.0,90.0,96.0,90.0,94.0,90.0,82.0,94.0,86.0,88.0,86.0,88.0,84.0,86.0,78.0,86.0,90.0,90.0,86.0,92.0,90.0,82.0,104.0,96.0,84.0,86.0,84.0,92.0,80.0,84.0,84.0,92.0,84.0,98.0,96.0,94.0,92.0,94.0,86.0,92.0,100.0,102.0,108.0,110.0,106.0,98.0,88.0,90.0,80.0,88.0,96.0,92.0,84.0,84.0,86.0,94.0,80.0,82.0,80.0,86.0,86.0,96.0,76.0,88.0,96.0,86.0,82.0,92.0,102.0,72.0,80.0,78.0,82.0,84.0,82.0,96.0,94.0,72.0,88.0,94.0,82.0,86.0,90.0,86.0,84.0,76.0,90.0,90.0,82.0,92.0,112.0,98.0,104.0,96.0,100.0,100.0,112.0,100.0,106.0,98.0,100.0,102.0,92.0,90.0,86.0,88.0,86.0,92.0,86.0,78.0,88.0,94.0,96.0,94.0,90.0,74.0,98.0,90.0,90.0,80.0,86.0,86.0,82.0,98.0,86.0,78.0,82.0,90.0,88.0,86.0,88.0,86.0,84.0,70.0,90.0,84.0,88.0,90.0,88.0,90.0,72.0,72.0,82.0,78.0,84.0,74.0,84.0,70.0,90.0,68.0,72.0,82.0,84.0,70.0,88.0,96.0,88.0,82.0,64.0,90.0,72.0,80.0,80.0,82.0,90.0,80.0,84.0,76.0,72.0,72.0,84.0,86.0,78.0,82.0,80.0,92.0,82.0,80.0,70.0,82.0,84.0,76.0,68.0,76.0,78.0,76.0,82.0,84.0,70.0,82.0,80.0,96.0,88.0,90.0,80.0,82.0,78.0,76.0,78.0,80.0,84.0,88.0,72.0,80.0,94.0,84.0,76.0,82.0,98.0,84.0,76.0,82.0,78.0,72.0,86.0,82.0,76.0,78.0,82.0,96.0,90.0,80.0,90.0,82.0,90.0,93.0,96.0,90.0,92.0,90.0,80.0,94.0,92.0,82.0,82.0,94.0,84.0,84.0,82.0,86.0,78.0,88.0,82.0,82.0,80.0,84.0,94.0,78.0,92.0,90.0,84.0,84.0,88.0,74.0,90.0,92.0,92.0,86.0,88.0,86.0,92.0,94.0,86.0,82.0,72.0,80.0,90.0,88.0,94.0,98.0,90.0,106.0,84.0,90.0,96.0,94.0,86.0,88.0,90.0,92.0,90.0,92.0,86.0,92.0,90.0,82.0,98.0,86.0,96.0,92.0,86.0,80.0,90.0,88.0,94.0,96.0,86.0,94.0,100.0,86.0,88.0,86.0,80.0,100.0,102.0,86.0,98.0,88.0,102.0,86.0,106.0,84.0,90.0,88.0,100.0,94.0,86.0,88.0,98.0,80.0,86.0,84.0,82.0,104.0,100.0,84.0,98.0,94.0,80.0,98.0,102.0,100.0,94.0,88.0,90.0,90.0,94.0,100.0,90.0,96.0,96.0,98.0,86.0,84.0,90.0,106.0,88.0,106.0,94.0,88.0,92.0,90.0,100.0,98.0,100.0,100.0,90.0,104.0,92.0,96.0,96.0,96.0,80.0,98.0,90.0,98.0,88.0,98.0,98.0,92.0,98.0,100.0,102.0,88.0,92.0,82.0,104.0,106.0,92.0,88.0,112.0,96.0,102.0,98.0,96.0,86.0,98.0,88.0,106.0,94.0,102.0,94.0,100.0,102.0,106.0,90.0,102.0,88.0,80.0,86.0,94.0,82.0,104.0,86.0,100.0,96.0,86.0,94.0,94.0,96.0,88.0,86.0,106.0,100.0,96.0,94.0,108.0,96.0,98.0,108.0,86.0,88.0,88.0,100.0,94.0,94.0,110.0,94.0,90.0,110.0,114.0,102.0,94.0,94.0,98.0,96.0,102.0,108.0,96.0,92.0,114.0,100.0,86.0,90.0,104.0,100.0,94.0,102.0,100.0,90.0,90.0,94.0,90.0,88.0,104.0,104.0,100.0,100.0,102.0,92.0,88.0,98.0,100.0,98.0,106.0,108.0,96.0,100.0,100.0,108.0,86.0,96.0,94.0,110.0,102.0,104.0,94.0,90.0,102.0,86.0,114.0,94.0,100.0,102.0,96.0,96.0,86.0,96.0,100.0,112.0,94.0,98.0,114.0,98.0,104.0,96.0,98.0,94.0,112.0,98.0,114.0,96.0,112.0,96.0,96.0,106.0,112.0,104.0,110.0,104.0,88.0,102.0,96.0,116.0,108.0,100.0,102.0,104.0,108.0,100.0,102.0,98.0,90.0,98.0,110.0,104.0,110.0,90.0,86.0,102.0,100.0,112.0,102.0,94.0,102.0,98.0,88.0,102.0,114.0,94.0,102.0,94.0,98.0,98.0,112.0,88.0,114.0,110.0,100.0,106.0,102.0,110.0,102.0,96.0,110.0,100.0,102.0,114.0,102.0,106.0,108.0,98.0,96.0,98.0,110.0,106.0,104.0,116.0,106.0,100.0,104.0,110.0,116.0,98.0,102.0,92.0,112.0,104.0,102.0,106.0,106.0,108.0,102.0,102.0,110.0,100.0,106.0,120.0,94.0,106.0,96.0
6.19477,4.6797200000000005,108.0,124.0,114.0,122.0,112.0,118.0,112.0,104.0,114.0,118.0,108.0,108.0,92.0,120.0,120.0,112.0,108.0,114.0,120.0,120.0,120.0,114.0,110.0,116.0,120.0,122.0,124.0,138.0,122.0,128.0,114.0,120.0,120.0,140.0,130.0,108.0,114.0,128.0,136.0,114.0,114.0,128.0,116.0,114.0,140.0,122.0,114.0,120.0,128.0,126.0,124.0,128.0,120.0,114.0,122.0,122.0,118.0,114.0,122.0,130.0,134.0,120.0,110.0,118.0,116.0,124.0,134.0,110.0,112.0,130.0,134.0,124.0,124.0,108.0,124.0,120.0,124.0,104.0,130.0,132.0,124.0,120.0,120.0,118.0,114.0,130.0,122.0,132.0,126.0,120.0,130.0,126.0,118.0,130.0,124.0,120.0,116.0,112.0,122.0,126.0,114.0,116.0,128.0,106.0,114.0,114.0,92.0,112.0,118.0,114.0,110.0,118.0,106.0,108.0,114.0,108.0,110.0,124.0,110.0,112.0,118.0,126.0,142.0,104.0,122.0,118.0,122.0,108.0,124.0,112.0,134.0,132.0,140.0,136.0,138.0,120.0,130.0,112.0,118.0,132.0,102.0,120.0,116.0,132.0,126.0,122.0,128.0,118.0,114.0,126.0,128.0,116.0,122.0,116.0,112.0,122.0,98.0,108.0,100.0,106.0,108.0,114.0,130.0,116.0,124.0,118.0,120.0,102.0,98.0,110.0,114.0,124.0,104.0,124.0,122.0,124.0,126.0,136.0,114.0,126.0,122.0,116.0,126.0,130.0,136.0,118.0,126.0,124.0,128.0,110.0,120.0,116.0,132.0,120.0,118.0,126.0,140.0,114.0,132.0,136.0,116.0,114.0,112.0,114.0,118.0,126.0,162.0,152.0,120.0,124.0,126.0,114.0,112.0,102.0,120.0,104.0,128.0,112.0,120.0,108.0,126.0,116.0,114.0,112.0,114.0,122.0,110.0,116.0,120.0,110.0,128.0,122.0,110.0,126.0,110.0,108.0,112.0,106.0,128.0,114.0,122.0,112.0,130.0,110.0,132.0,116.0,124.0,106.0,118.0,122.0,116.0,118.0,116.0,112.0,128.0,120.0,120.0,126.0,108.0,122.0,122.0,118.0,108.0,110.0,116.0,118.0,120.0,108.0,126.0,116.0,116.0,110.0,110.0,128.0,114.0,118.0,114.0,118.0,118.0,110.0,114.0,124.0,108.0,110.0,118.0,130.0,116.0,98.0,132.0,106.0,120.0,128.0,104.0,140.0,140.0,120.0,120.0,132.0,118.0,114.0,106.0,126.0,128.0,128.0,130.0,128.0,126.0,106.0,122.0,142.0,134.0,134.0,118.0,132.0,132.0,124.0,116.0,114.0,132.0,126.0,120.0,130.0,136.0,124.0,136.0,130.0,128.0,118.0,120.0,122.0,128.0,118.0,128.0,124.0,130.0,116.0,128.0,140.0,128.0,116.0,132.0,122.0,114.0,134.0,132.0,118.0,136.0,128.0,124.0,136.0,126.0,124.0,118.0,140.0,140.0,136.0,120.0,140.0,124.0,134.0,128.0,126.0,132.0,132.0,126.0,138.0,126.0,132.0,124.0,116.0,142.0,142.0,132.0,116.0,126.0,118.0,120.0,120.0,134.0,118.0,140.0,126.0,136.0,134.0,148.0,138.0,120.0,136.0,126.0,126.0,126.0,132.0,134.0,116.0,128.0,134.0,144.0,130.0,132.0,132.0,134.0,132.0,138.0,136.0,138.0,122.0,148.0,134.0,140.0,134.0,144.0,138.0,128.0,134.0,138.0,154.0,132.0,140.0,136.0,144.0,128.0,140.0,140.0,130.0,126.0,160.0,140.0,134.0,138.0,136.0,148.0,150.0,138.0,132.0,146.0,142.0,126.0,128.0,134.0,138.0,130.0,138.0,120.0,136.0,144.0,140.0,136.0,126.0,140.0,150.0,144.0,140.0,134.0,146.0,164.0,146.0,136.0,134.0,144.0,132.0,134.0,134.0,134.0,134.0,128.0,138.0,158.0,136.0,134.0,140.0,130.0,146.0,156.0,152.0,132.0,148.0,140.0,140.0,134.0,138.0,130.0,138.0,142.0,142.0,132.0,130.0,136.0,124.0,132.0,134.0,140.0,146.0,144.0,134.0,140.0,134.0,148.0,134.0,154.0,138.0,140.0,144.0,154.0,142.0,132.0,134.0,132.0,146.0,162.0,142.0,166.0,154.0,148.0,144.0,146.0,140.0,138.0,146.0,150.0,146.0,144.0,152.0,156.0,138.0,146.0,150.0,154.0,150.0,152.0,162.0,138.0,144.0,134.0,156.0,150.0,140.0,148.0,152.0,146.0,148.0,158.0,144.0,140.0,152.0,134.0,166.0,162.0,132.0,134.0,144.0,142.0,150.0,154.0,134.0,154.0,156.0,146.0,144.0,126.0,142.0,156.0,140.0,140.0,142.0,132.0,148.0,154.0,140.0,150.0,146.0,142.0,142.0,140.0,148.0,144.0,142.0,138.0,146.0,148.0,148.0,150.0,150.0,152.0,144.0,158.0,144.0,148.0,158.0,152.0,138.0,152.0,132.0,160.0,150.0,160.0,156.0,140.0,148.0,170.0,142.0,150.0,176.0,156.0,158.0,148.0,146.0,134.0,150.0,166.0,150.0,140.0,152.0,126.0,150.0,164.0,142.0,144.0,142.0,158.0,144.0,162.0,164.0,150.0,162.0,162.0,150.0,160.0,158.0,158.0,158.0,142.0,146.0,160.0,146.0,160.0,146.0,150.0,146.0,152.0,156.0,148.0,156.0,148.0,168.0,158.0,146.0,148.0,166.0,154.0,154.0,152.0,146.0,152.0,162.0,156.0,160.0,156.0,140.0,148.0,154.0,158.0,150.0,158.0,158.0,148.0,144.0,164.0,154.0,146.0,160.0,132.0,144.0,144.0,150.0,150.0,148.0,156.0,156.0,148.0,156.0,156.0
6.19477,6.23962,120.0,90.0,96.0,94.0,108.0,94.0,104.0,102.0,82.0,96.0,86.0,104.0,96.0,108.0,100.0,104.0,98.0,114.0,110.0,128.0,102.0,106.0,120.0,102.0,110.0,124.0,124.0,112.0,122.0,120.0,106.0,120.0,110.0,110.0,114.0,116.0,108.0,92.0,110.0,110.0,108.0,108.0,108.0,106.0,90.0,112.0,116.0,116.0,104.0,110.0,116.0,112.0,104.0,108.0,116.0,112.0,120.0,118.0,114.0,114.0,118.0,110.0,118.0,122.0,106.0,112.0,120.0,110.0,102.0,110.0,118.0,108.0,108.0,114.0,106.0,108.0,120.0,114.0,116.0,122.0,112.0,122.0,122.0,114.0,114.0,108.0,122.0,116.0,120.0,106.0,122.0,106.0,122.0,124.0,116.0,104.0,110.0,106.0,100.0,100.0,114.0,108.0,108.0,98.0,104.0,108.0,112.0,112.0,100.0,110.0,106.0,108.0,110.0,110.0,90.0,120.0,106.0,120.0,106.0,116.0,104.0,104.0,106.0,116.0,114.0,110.0,108.0,116.0,122.0,114.0,116.0,124.0,122.0,126.0,122.0,118.0,122.0,126.0,132.0,116.0,112.0,112.0,116.0,114.0,108.0,104.0,114.0,114.0,110.0,116.0,118.0,110.0,106.0,114.0,118.0,126.0,100.0,114.0,126.0,122.0,112.0,110.0,98.0,120.0,120.0,108.0,106.0,106.0,108.0,122.0,106.0,106.0,116.0,124.0,116.0,108.0,116.0,100.0,110.0,128.0,120.0,108.0,108.0,132.0,124.0,114.0,118.0,120.0,108.0,104.0,108.0,120.0,120.0,124.0,114.0,120.0,112.0,118.0,114.0,106.0,112.0,122.0,114.0,108.0,120.0,108.0,120.0,116.0,118.0,112.0,110.0,110.0,102.0,116.0,108.0,114.0,114.0,110.0,128.0,124.0,122.0,112.0,124.0,116.0,114.0,126.0,116.0,120.0,116.0,112.0,110.0,112.0,120.0,118.0,118.0,118.0,120.0,100.0,124.0,120.0,126.0,108.0,124.0,120.0,108.0,122.0,126.0,124.0,118.0,120.0,104.0,116.0,122.0,118.0,120.0,120.0,124.0,118.0,116.0,114.0,116.0,116.0,122.0,118.0,132.0,128.0,128.0,122.0,120.0,114.0,136.0,132.0,124.0,132.0,114.0,134.0,126.0,116.0,116.0,122.0,116.0,138.0,126.0,110.0,128.0,122.0,120.0,138.0,134.0,134.0,120.0,138.0,128.0,136.0,128.0,118.0,134.0,122.0,106.0,136.0,132.0,118.0,128.0,134.0,130.0,140.0,126.0,128.0,128.0,140.0,128.0,130.0,126.0,132.0,140.0,135.0,130.0,136.0,152.0,120.0,138.0,140.0,132.0,126.0,120.0,120.0,136.0,140.0,126.0,128.0,126.0,120.0,140.0,140.0,132.0,130.0,122.0,108.0,126.0,122.0,148.0,142.0,126.0,128.0,130.0,124.0,132.0,138.0,130.0,136.0,124.0,132.0,156.0,138.0,134.0,142.0,142.0,138.0,144.0,130.0,134.0,154.0,120.0,132.0,152.0,128.0,126.0,154.0,144.0,140.0,140.0,142.0,134.0,166.0,146.0,136.0,134.0,132.0,138.0,140.0,140.0,136.0,132.0,134.0,146.0,162.0,148.0,150.0,148.0,158.0,138.0,130.0,128.0,130.0,136.0,152.0,140.0,136.0,144.0,142.0,136.0,144.0,132.0,148.0,152.0,136.0,160.0,144.0,134.0,156.0,150.0,144.0,146.0,154.0,164.0,144.0,152.0,152.0,126.0,146.0,164.0,152.0,166.0,148.0,160.0,162.0,160.0,156.0,138.0,146.0,144.0,150.0,156.0,150.0,148.0,136.0,158.0,128.0,140.0,166.0,144.0,140.0,126.0,148.0,154.0,156.0,144.0,136.0,134.0,144.0,158.0,138.0,156.0,156.0,152.0,138.0,144.0,140.0,166.0,150.0,152.0,160.0,134.0,158.0,134.0,152.0,154.0,162.0,142.0,166.0,160.0,144.0,148.0,150.0,154.0,150.0,144.0,160.0,146.0,146.0,156.0,140.0,130.0,158.0,150.0,158.0,154.0,140.0,144.0,144.0,134.0,154.0,152.0,158.0,170.0,142.0,156.0,158.0,156.0,146.0,154.0,144.0,142.0,160.0,164.0,154.0,154.0,170.0,148.0,164.0,150.0,154.0,166.0,156.0,160.0,162.0,146.0,154.0,154.0,150.0,176.0,154.0,170.0,144.0,156.0,162.0,148.0,162.0,162.0,176.0,150.0,174.0,140.0,156.0,150.0,146.0,164.0,168.0,150.0,152.0,162.0,174.0,162.0,144.0,160.0,158.0,146.0,166.0,158.0,154.0,146.0,148.0,154.0,142.0,168.0,154.0,152.0,152.0,150.0,142.0,156.0,164.0,158.0,156.0,142.0,152.0,146.0,156.0,160.0,166.0,148.0,158.0,144.0,150.0,158.0,160.0,174.0,162.0,150.0,146.0,150.0,154.0,142.0,162.0,180.0,164.0,156.0,150.0,152.0,164.0,168.0,144.0,142.0,156.0,172.0,148.0,158.0,158.0,160.0,158.0,154.0,170.0,172.0,152.0,154.0,172.0,162.0,172.0,156.0,170.0,148.0,160.0,150.0,154.0,156.0,150.0,164.0,156.0,160.0,162.0,160.0,172.0,166.0,160.0,158.0,164.0,154.0,160.0,178.0,172.0,160.0,140.0,160.0,172.0,176.0,154.0,172.0,170.0,164.0,156.0,148.0,150.0,152.0,170.0,160.0,172.0,158.0,164.0,166.0,162.0,158.0,164.0,176.0,150.0,166.0,166.0,174.0,162.0,180.0,158.0,166.0,148.0,150.0,190.0,166.0,168.0,160.0,166.0,172.0,174.0,166.0,172.0,160.0,164.0,164.0,174.0,156.0,184.0,170.0,172.0,168.0
6.19477,7.799523000000001,100.0,102.0,104.0,112.0,106.0,100.0,110.0,110.0,108.0,114.0,106.0,110.0,98.0,108.0,116.0,112.0,108.0,112.0,122.0,116.0,106.0,110.0,122.0,120.0,118.0,116.0,136.0,134.0,102.0,122.0,108.0,114.0,108.0,110.0,128.0,118.0,96.0,118.0,120.0,130.0,148.0,158.0,152.0,138.0,142.0,126.0,124.0,134.0,142.0,139.0,136.0,126.0,126.0,130.0,126.0,130.0,116.0,138.0,130.0,142.0,136.0,150.0,156.0,162.0,136.0,174.0,164.0,160.0,136.0,152.0,154.0,152.0,154.0,136.0,130.0,136.0,152.0,122.0,128.0,124.0,138.0,152.0,128.0,128.0,136.0,124.0,144.0,132.0,148.0,138.0,140.0,124.0,136.0,130.0,118.0,122.0,124.0,138.0,120.0,142.0,136.0,146.0,156.0,130.0,122.0,150.0,128.0,138.0,126.0,120.0,142.0,144.0,122.0,130.0,140.0,126.0,120.0,122.0,126.0,130.0,114.0,120.0,118.0,142.0,134.0,120.0,128.0,124.0,130.0,118.0,128.0,132.0,140.0,120.0,148.0,128.0,142.0,126.0,132.0,124.0,148.0,118.0,156.0,134.0,124.0,134.0,138.0,130.0,134.0,130.0,112.0,136.0,134.0,124.0,134.0,114.0,118.0,126.0,130.0,132.0,126.0,134.0,128.0,150.0,132.0,116.0,140.0,138.0,136.0,136.0,136.0,144.0,134.0,132.0,136.0,144.0,150.0,138.0,134.0,152.0,130.0,154.0,138.0,148.0,164.0,160.0,154.0,166.0,152.0,148.0,140.0,144.0,142.0,150.0,144.0,154.0,156.0,130.0,138.0,156.0,144.0,142.0,128.0,154.0,130.0,152.0,128.0,142.0,136.0,136.0,142.0,130.0,124.0,132.0,124.0,146.0,144.0,142.0,136.0,144.0,140.0,142.0,136.0,132.0,134.0,134.0,132.0,128.0,144.0,140.0,122.0,138.0,130.0,140.0,136.0,126.0,148.0,158.0,132.0,130.0,154.0,150.0,142.0,138.0,128.0,122.0,160.0,146.0,140.0,146.0,154.0,146.0,150.0,128.0,128.0,150.0,146.0,142.0,136.0,136.0,128.0,148.0,136.0,144.0,132.0,132.0,124.0,126.0,128.0,132.0,142.0,132.0,124.0,140.0,132.0,138.0,132.0,158.0,160.0,140.0,140.0,144.0,142.0,152.0,158.0,134.0,142.0,144.0,142.0,158.0,152.0,146.0,134.0,144.0,148.0,164.0,160.0,158.0,156.0,150.0,142.0,158.0,146.0,156.0,146.0,162.0,152.0,162.0,142.0,134.0,180.0,148.0,152.0,150.0,166.0,162.0,158.0,156.0,146.0,164.0,174.0,148.0,166.0,156.0,154.0,142.0,158.0,144.0,160.0,164.0,160.0,166.0,162.0,166.0,156.0,176.0,160.0,150.0,168.0,174.0,156.0,164.0,158.0,156.0,184.0,162.0,160.0,174.0,164.0,162.0,158.0,178.0,164.0,144.0,156.0,160.0,160.0,160.0,170.0,166.0,182.0,184.0,168.0,174.0,176.0,172.0,174.0,164.0,166.0,182.0,166.0,164.0,166.0,182.0,168.0,178.0,180.0,170.0,164.0,178.0,178.0,176.0,180.0,182.0,180.0,174.0,174.0,174.0,200.0,190.0,184.0,182.0,192.0,202.0,174.0,212.0,186.0,198.0,190.0,194.0,188.0,204.0,212.0,204.0,214.0,208.0,222.0,190.0,204.0,210.0,230.0,228.0,236.0,224.0,242.0,246.0,248.0,234.0,250.0,262.0,272.0,266.0,272.0,272.0,262.0,260.0,268.0,268.0,258.0,266.0,264.0,228.0,240.0,228.0,232.0,232.0,228.0,232.0,214.0,210.0,202.0,204.0,184.0,196.0,196.0,182.0,198.0,202.0,198.0,190.0,174.0,180.0,202.0,184.0,208.0,188.0,184.0,200.0,200.0,166.0,196.0,176.0,190.0,186.0,198.0,198.0,170.0,190.0,186.0,180.0,186.0,196.0,188.0,174.0,180.0,186.0,184.0,182.0,160.0,188.0,192.0,170.0,192.0,184.0,168.0,162.0,192.0,176.0,186.0,194.0,186.0,172.0,198.0,182.0,172.0,196.0,176.0,192.0,184.0,186.0,188.0,180.0,196.0,188.0,192.0,196.0,202.0,194.0,182.0,176.0,180.0,200.0,182.0,176.0,188.0,194.0,182.0,184.0,188.0,190.0,168.0,168.0,194.0,184.0,198.0,180.0,166.0,178.0,202.0,172.0,188.0,180.0,196.0,188.0,178.0,182.0,210.0,174.0,186.0,174.0,178.0,188.0,180.0,182.0,174.0,170.0,174.0,192.0,186.0,188.0,168.0,196.0,180.0,164.0,198.0,196.0,188.0,186.0,184.0,182.0,178.0,176.0,176.0,190.0,180.0,170.0,168.0,184.0,180.0,192.0,190.0,188.0,174.0,182.0,188.0,194.0,178.0,190.0,182.0,182.0,174.0,176.0,206.0,156.0,192.0,196.0,166.0,190.0,186.0,188.0,180.0,182.0,184.0,204.0,198.0,186.0,176.0,200.0,168.0,190.0,194.0,188.0,198.0,196.0,182.0,172.0,192.0,198.0,182.0,174.0,190.0,176.0,194.0,196.0,198.0,180.0,188.0,186.0,178.0,204.0,174.0,184.0,182.0,168.0,194.0,194.0,180.0,172.0,192.0,190.0,186.0,210.0,178.0,192.0,194.0,188.0,182.0,188.0,160.0,190.0,198.0,188.0,202.0,184.0,178.0,192.0,192.0,208.0,186.0,182.0,170.0,196.0,202.0,194.0,196.0,188.0,188.0,186.0,182.0,178.0,190.0,188.0,192.0,190.0,214.0,192.0,176.0,188.0,184.0,186.0,192.0,182.0,200.0,206.0,202.0,192.0,188.0,198.0,210.0,204.0,190.0
6.19477,9.35943,58.0,58.0,54.0,58.0,54.0,64.0,50.0,66.0,58.0,56.0,62.0,52.0,60.0,68.0,50.0,66.0,64.0,66.0,76.0,76.0,64.0,68.0,62.0,72.0,76.0,72.0,76.0,80.0,72.0,82.0,74.0,68.0,72.0,80.0,76.0,86.0,88.0,78.0,100.0,112.0,134.0,158.0,134.0,124.0,98.0,118.0,102.0,104.0,110.0,109.0,108.0,86.0,86.0,78.0,86.0,78.0,84.0,86.0,78.0,114.0,102.0,120.0,154.0,166.0,154.0,146.0,144.0,128.0,110.0,98.0,94.0,102.0,84.0,94.0,84.0,72.0,92.0,80.0,78.0,74.0,80.0,76.0,84.0,76.0,72.0,90.0,90.0,82.0,92.0,90.0,88.0,84.0,82.0,84.0,84.0,78.0,86.0,80.0,88.0,92.0,98.0,114.0,118.0,116.0,94.0,90.0,96.0,82.0,90.0,86.0,66.0,72.0,72.0,64.0,70.0,74.0,76.0,68.0,80.0,58.0,82.0,68.0,76.0,84.0,70.0,76.0,76.0,64.0,74.0,78.0,82.0,96.0,84.0,98.0,82.0,82.0,84.0,78.0,70.0,76.0,72.0,76.0,78.0,76.0,78.0,74.0,70.0,76.0,76.0,78.0,72.0,62.0,68.0,72.0,66.0,70.0,76.0,64.0,70.0,64.0,66.0,82.0,72.0,76.0,78.0,84.0,84.0,88.0,94.0,90.0,98.0,86.0,98.0,90.0,88.0,92.0,86.0,86.0,82.0,92.0,84.0,86.0,88.0,94.0,94.0,104.0,98.0,98.0,98.0,98.0,92.0,96.0,92.0,94.0,100.0,98.0,92.0,88.0,82.0,88.0,86.0,88.0,76.0,92.0,86.0,80.0,82.0,80.0,72.0,80.0,88.0,78.0,72.0,82.0,80.0,66.0,84.0,78.0,80.0,74.0,78.0,82.0,76.0,78.0,84.0,82.0,76.0,72.0,80.0,82.0,82.0,88.0,86.0,86.0,88.0,78.0,90.0,82.0,82.0,90.0,82.0,84.0,82.0,84.0,86.0,84.0,92.0,86.0,98.0,84.0,98.0,86.0,72.0,80.0,92.0,92.0,80.0,88.0,86.0,82.0,88.0,84.0,78.0,92.0,86.0,82.0,88.0,82.0,86.0,76.0,84.0,74.0,76.0,80.0,86.0,88.0,86.0,84.0,84.0,92.0,92.0,82.0,84.0,98.0,86.0,90.0,94.0,86.0,92.0,84.0,100.0,88.0,80.0,98.0,88.0,98.0,82.0,88.0,96.0,92.0,100.0,86.0,94.0,106.0,96.0,98.0,96.0,84.0,94.0,82.0,90.0,96.0,90.0,108.0,106.0,105.0,104.0,104.0,102.0,108.0,102.0,106.0,102.0,88.0,104.0,112.0,114.0,116.0,112.0,100.0,116.0,108.0,114.0,108.0,106.0,114.0,106.0,102.0,106.0,108.0,100.0,118.0,108.0,116.0,116.0,110.0,116.0,114.0,112.0,112.0,110.0,122.0,110.0,120.0,104.0,110.0,114.0,114.0,104.0,106.0,106.0,108.0,120.0,106.0,112.0,122.0,112.0,118.0,118.0,112.0,130.0,112.0,126.0,120.0,104.0,130.0,132.0,134.0,110.0,114.0,122.0,138.0,130.0,124.0,122.0,132.0,132.0,136.0,118.0,130.0,132.0,134.0,128.0,142.0,158.0,168.0,156.0,158.0,142.0,156.0,172.0,160.0,168.0,170.0,178.0,204.0,196.0,186.0,202.0,198.0,212.0,230.0,230.0,230.0,234.0,264.0,252.0,268.0,268.0,260.0,258.0,298.0,288.0,286.0,268.0,282.0,276.0,284.0,272.0,262.0,256.0,252.0,254.0,244.0,226.0,228.0,228.0,196.0,192.0,192.0,176.0,180.0,188.0,178.0,166.0,158.0,148.0,152.0,136.0,148.0,154.0,132.0,142.0,146.0,130.0,124.0,124.0,124.0,124.0,136.0,128.0,132.0,140.0,122.0,126.0,110.0,120.0,118.0,122.0,132.0,118.0,118.0,120.0,114.0,126.0,132.0,116.0,102.0,112.0,120.0,110.0,118.0,102.0,112.0,116.0,110.0,108.0,118.0,104.0,120.0,106.0,110.0,108.0,96.0,114.0,110.0,100.0,112.0,100.0,110.0,116.0,104.0,114.0,108.0,114.0,114.0,112.0,106.0,94.0,104.0,116.0,100.0,112.0,104.0,102.0,114.0,98.0,110.0,92.0,108.0,106.0,118.0,110.0,104.0,102.0,118.0,114.0,106.0,98.0,112.0,102.0,100.0,110.0,98.0,114.0,102.0,100.0,98.0,100.0,112.0,100.0,104.0,106.0,102.0,102.0,100.0,102.0,98.0,104.0,104.0,100.0,100.0,94.0,96.0,94.0,104.0,90.0,108.0,104.0,106.0,106.0,102.0,110.0,106.0,100.0,94.0,102.0,92.0,106.0,98.0,106.0,106.0,102.0,108.0,116.0,110.0,106.0,108.0,106.0,86.0,102.0,104.0,104.0,100.0,102.0,100.0,106.0,92.0,110.0,106.0,94.0,92.0,110.0,104.0,104.0,96.0,106.0,100.0,96.0,104.0,104.0,106.0,90.0,104.0,108.0,104.0,98.0,102.0,112.0,106.0,104.0,98.0,108.0,106.0,98.0,106.0,112.0,106.0,94.0,108.0,108.0,96.0,82.0,96.0,104.0,94.0,108.0,96.0,102.0,108.0,106.0,106.0,110.0,110.0,114.0,106.0,110.0,106.0,106.0,100.0,110.0,110.0,104.0,102.0,102.0,102.0,106.0,106.0,98.0,108.0,104.0,114.0,114.0,104.0,116.0,108.0,116.0,110.0,106.0,116.0,108.0,102.0,100.0,100.0,100.0,100.0,114.0,98.0,112.0,104.0,94.0,106.0,110.0,100.0,110.0,96.0,116.0,112.0,110.0,110.0,104.0
6.19477,10.91933,138.0,134.0,124.0,128.0,122.0,142.0,134.0,132.0,136.0,150.0,120.0,142.0,120.0,142.0,132.0,146.0,154.0,136.0,134.0,142.0,138.0,154.0,156.0,142.0,148.0,152.0,156.0,156.0,142.0,160.0,156.0,154.0,154.0,136.0,140.0,154.0,148.0,136.0,160.0,172.0,174.0,176.0,152.0,166.0,146.0,154.0,160.0,184.0,182.0,168.0,154.0,154.0,150.0,154.0,166.0,150.0,156.0,138.0,168.0,158.0,162.0,168.0,198.0,182.0,202.0,182.0,186.0,162.0,178.0,172.0,168.0,164.0,160.0,170.0,162.0,156.0,160.0,168.0,154.0,154.0,152.0,172.0,178.0,170.0,154.0,142.0,168.0,162.0,170.0,172.0,174.0,188.0,156.0,148.0,156.0,166.0,152.0,158.0,158.0,164.0,182.0,184.0,186.0,170.0,174.0,168.0,164.0,176.0,168.0,178.0,174.0,150.0,170.0,164.0,156.0,166.0,160.0,148.0,154.0,160.0,160.0,166.0,164.0,140.0,174.0,162.0,172.0,158.0,154.0,150.0,170.0,146.0,156.0,164.0,178.0,176.0,168.0,150.0,170.0,168.0,164.0,164.0,134.0,168.0,162.0,154.0,164.0,152.0,164.0,136.0,150.0,162.0,158.0,168.0,158.0,176.0,168.0,156.0,178.0,156.0,160.0,186.0,150.0,196.0,172.0,174.0,186.0,186.0,180.0,180.0,188.0,182.0,164.0,172.0,172.0,174.0,168.0,166.0,162.0,180.0,166.0,174.0,148.0,164.0,174.0,172.0,172.0,158.0,168.0,180.0,156.0,180.0,168.0,178.0,162.0,154.0,176.0,192.0,176.0,162.0,162.0,166.0,164.0,146.0,160.0,180.0,154.0,162.0,166.0,160.0,160.0,160.0,170.0,156.0,186.0,176.0,162.0,160.0,166.0,168.0,186.0,164.0,156.0,162.0,164.0,162.0,168.0,172.0,170.0,170.0,170.0,176.0,164.0,166.0,174.0,180.0,172.0,166.0,160.0,184.0,164.0,182.0,166.0,194.0,164.0,162.0,168.0,176.0,172.0,156.0,180.0,166.0,168.0,172.0,176.0,180.0,162.0,166.0,190.0,186.0,164.0,186.0,172.0,188.0,192.0,170.0,180.0,170.0,178.0,156.0,170.0,168.0,180.0,180.0,182.0,178.0,176.0,170.0,172.0,178.0,168.0,182.0,198.0,186.0,192.0,182.0,184.0,174.0,184.0,162.0,190.0,184.0,204.0,180.0,192.0,184.0,200.0,178.0,184.0,174.0,172.0,176.0,174.0,182.0,194.0,178.0,192.0,188.0,182.0,206.0,188.0,190.0,182.0,196.0,180.0,183.0,186.0,204.0,186.0,200.0,170.0,202.0,192.0,198.0,192.0,192.0,190.0,186.0,186.0,188.0,194.0,198.0,198.0,190.0,178.0,196.0,190.0,198.0,202.0,196.0,214.0,190.0,194.0,184.0,214.0,194.0,194.0,194.0,200.0,202.0,196.0,192.0,202.0,202.0,202.0,184.0,196.0,196.0,196.0,180.0,196.0,190.0,198.0,198.0,192.0,196.0,192.0,212.0,202.0,218.0,212.0,214.0,200.0,216.0,210.0,208.0,202.0,208.0,206.0,230.0,240.0,212.0,214.0,194.0,236.0,206.0,216.0,210.0,214.0,218.0,208.0,226.0,232.0,224.0,232.0,224.0,238.0,232.0,234.0,248.0,216.0,228.0,236.0,214.0,250.0,246.0,266.0,258.0,228.0,254.0,254.0,262.0,282.0,264.0,296.0,294.0,282.0,300.0,300.0,288.0,268.0,304.0,286.0,282.0,270.0,296.0,284.0,290.0,270.0,276.0,280.0,250.0,254.0,250.0,234.0,244.0,230.0,254.0,236.0,234.0,222.0,224.0,234.0,230.0,214.0,208.0,228.0,240.0,242.0,222.0,206.0,214.0,224.0,228.0,220.0,208.0,220.0,226.0,210.0,246.0,216.0,224.0,204.0,206.0,232.0,220.0,228.0,218.0,234.0,228.0,230.0,208.0,230.0,196.0,224.0,202.0,220.0,226.0,226.0,226.0,222.0,228.0,218.0,222.0,208.0,214.0,216.0,212.0,222.0,226.0,214.0,222.0,220.0,216.0,218.0,232.0,238.0,208.0,228.0,234.0,228.0,240.0,226.0,222.0,222.0,222.0,224.0,210.0,216.0,218.0,226.0,214.0,234.0,242.0,220.0,222.0,220.0,218.0,248.0,228.0,230.0,226.0,226.0,224.0,238.0,228.0,222.0,234.0,228.0,224.0,234.0,222.0,218.0,228.0,228.0,222.0,238.0,212.0,218.0,222.0,230.0,222.0,218.0,222.0,226.0,238.0,214.0,222.0,232.0,230.0,216.0,222.0,206.0,234.0,228.0,200.0,210.0,232.0,202.0,218.0,218.0,212.0,222.0,220.0,216.0,226.0,218.0,228.0,220.0,226.0,216.0,224.0,208.0,234.0,224.0,220.0,228.0,222.0,222.0,220.0,222.0,198.0,206.0,228.0,220.0,218.0,216.0,238.0,220.0,216.0,216.0,240.0,216.0,212.0,210.0,222.0,228.0,224.0,214.0,226.0,226.0,228.0,224.0,216.0,216.0,204.0,220.0,212.0,222.0,224.0,236.0,234.0,244.0,212.0,216.0,214.0,226.0,240.0,236.0,210.0,198.0,230.0,220.0,236.0,230.0,236.0,208.0,220.0,236.0,214.0,210.0,242.0,248.0,214.0,240.0,220.0,238.0,224.0,214.0,216.0,198.0,224.0,206.0,224.0,230.0,224.0,222.0,232.0,236.0,224.0,230.0,234.0,230.0,244.0,226.0,228.0,232.0,236.0,228.0,218.0,224.0,236.0,210.0,216.0,254.0,230.0,212.0,218.0,234.0,244.0,212.0,232.0,218.0,218.0,234.0,248.0,240.0,218.0,230.0,228.0,214.0
6.19477,12.479230000000001,210.0,206.0,202.0,208.0,190.0,212.0,222.0,192.0,214.0,204.0,210.0,212.0,218.0,204.0,232.0,200.0,222.0,222.0,250.0,242.0,222.0,234.0,238.0,236.0,246.0,260.0,260.0,232.0,242.0,252.0,240.0,244.0,232.0,240.0,250.0,238.0,222.0,232.0,234.0,236.0,236.0,236.0,232.0,232.0,220.0,230.0,218.0,222.0,240.0,233.0,226.0,242.0,244.0,218.0,250.0,238.0,246.0,230.0,260.0,252.0,244.0,248.0,224.0,246.0,232.0,234.0,240.0,230.0,240.0,214.0,226.0,228.0,222.0,232.0,234.0,232.0,258.0,238.0,230.0,248.0,226.0,248.0,248.0,240.0,236.0,222.0,246.0,236.0,236.0,264.0,240.0,240.0,246.0,244.0,244.0,230.0,248.0,246.0,220.0,208.0,236.0,254.0,214.0,214.0,242.0,226.0,218.0,252.0,250.0,232.0,218.0,242.0,232.0,244.0,258.0,230.0,224.0,242.0,246.0,220.0,252.0,254.0,254.0,252.0,256.0,270.0,248.0,242.0,264.0,260.0,266.0,274.0,306.0,296.0,288.0,266.0,272.0,274.0,276.0,262.0,236.0,244.0,224.0,242.0,242.0,244.0,232.0,236.0,250.0,240.0,242.0,254.0,246.0,254.0,252.0,254.0,262.0,246.0,260.0,258.0,244.0,260.0,246.0,244.0,250.0,242.0,250.0,256.0,224.0,254.0,242.0,224.0,252.0,250.0,244.0,246.0,234.0,238.0,256.0,236.0,258.0,252.0,240.0,252.0,278.0,250.0,256.0,246.0,256.0,252.0,252.0,246.0,252.0,228.0,240.0,260.0,266.0,252.0,254.0,232.0,246.0,252.0,236.0,252.0,240.0,280.0,246.0,254.0,236.0,246.0,278.0,248.0,264.0,248.0,254.0,272.0,252.0,262.0,256.0,274.0,274.0,272.0,272.0,258.0,242.0,252.0,258.0,252.0,252.0,250.0,274.0,260.0,254.0,266.0,260.0,258.0,242.0,262.0,264.0,252.0,226.0,272.0,248.0,280.0,272.0,246.0,258.0,284.0,256.0,266.0,266.0,276.0,256.0,256.0,238.0,266.0,282.0,278.0,268.0,268.0,250.0,272.0,272.0,258.0,276.0,290.0,274.0,280.0,270.0,262.0,268.0,280.0,258.0,256.0,272.0,270.0,264.0,276.0,276.0,278.0,266.0,268.0,272.0,276.0,282.0,278.0,276.0,288.0,282.0,262.0,262.0,284.0,268.0,262.0,266.0,286.0,282.0,272.0,298.0,270.0,280.0,284.0,272.0,296.0,274.0,278.0,278.0,298.0,294.0,270.0,296.0,288.0,290.0,286.0,298.0,298.0,298.0,300.0,284.0,288.0,290.0,288.0,298.0,278.0,302.0,268.0,294.0,292.0,280.0,296.0,278.0,288.0,290.0,290.0,292.0,292.0,300.0,296.0,296.0,300.0,302.0,290.0,292.0,306.0,298.0,290.0,288.0,302.0,300.0,284.0,292.0,278.0,300.0,316.0,302.0,306.0,294.0,294.0,288.0,282.0,306.0,276.0,316.0,290.0,314.0,294.0,300.0,306.0,302.0,282.0,290.0,304.0,294.0,304.0,306.0,326.0,318.0,296.0,290.0,306.0,306.0,308.0,296.0,318.0,310.0,302.0,306.0,312.0,304.0,316.0,302.0,314.0,300.0,334.0,292.0,306.0,318.0,326.0,298.0,296.0,310.0,310.0,288.0,292.0,304.0,286.0,312.0,294.0,332.0,310.0,316.0,336.0,332.0,312.0,322.0,326.0,318.0,326.0,314.0,322.0,334.0,306.0,320.0,336.0,306.0,298.0,312.0,324.0,306.0,332.0,314.0,314.0,302.0,332.0,320.0,322.0,318.0,308.0,306.0,298.0,312.0,322.0,316.0,312.0,336.0,306.0,304.0,318.0,314.0,318.0,306.0,306.0,338.0,340.0,324.0,294.0,336.0,324.0,316.0,318.0,330.0,318.0,320.0,338.0,330.0,330.0,340.0,320.0,324.0,314.0,308.0,312.0,330.0,342.0,318.0,336.0,352.0,360.0,312.0,314.0,334.0,352.0,340.0,332.0,346.0,352.0,322.0,348.0,312.0,294.0,306.0,326.0,336.0,330.0,314.0,326.0,360.0,322.0,326.0,312.0,360.0,318.0,342.0,344.0,342.0,334.0,290.0,332.0,332.0,330.0,326.0,320.0,346.0,326.0,330.0,358.0,356.0,338.0,314.0,352.0,352.0,342.0,338.0,344.0,324.0,350.0,324.0,332.0,346.0,340.0,342.0,356.0,342.0,336.0,352.0,350.0,320.0,330.0,338.0,342.0,326.0,336.0,330.0,320.0,334.0,324.0,334.0,316.0,320.0,344.0,356.0,366.0,344.0,336.0,322.0,322.0,336.0,350.0,330.0,360.0,316.0,340.0,354.0,330.0,332.0,316.0,346.0,332.0,344.0,324.0,328.0,364.0,330.0,316.0,348.0,336.0,322.0,330.0,342.0,330.0,328.0,318.0,344.0,350.0,336.0,358.0,340.0,346.0,348.0,342.0,346.0,346.0,366.0,338.0,352.0,350.0,354.0,344.0,360.0,346.0,330.0,328.0,366.0,326.0,340.0,356.0,342.0,334.0,356.0,328.0,342.0,342.0,334.0,348.0,330.0,358.0,356.0,346.0,364.0,346.0,350.0,336.0,346.0,328.0,336.0,348.0,332.0,348.0,360.0,358.0,324.0,374.0,344.0,348.0,352.0,340.0,352.0,360.0,358.0,368.0,364.0,370.0,344.0,376.0,352.0,334.0,362.0,364.0,342.0,356.0,342.0,376.0,358.0,362.0,374.0,366.0,354.0,350.0,360.0,358.0,346.0,338.0,370.0,364.0,348.0,366.0,336.0,352.0,332.0,366.0,344.0,366.0,358.0,342.0,368.0,324.0,358.0,340.0,330.0,374.0,344.0
6.19477,14.03914,170.0,160.0,172.0,160.0,154.0,166.0,152.0,164.0,154.0,152.0,150.0,170.0,174.0,160.0,160.0,166.0,182.0,188.0,160.0,190.0,182.0,200.0,190.0,216.0,190.0,200.0,208.0,214.0,204.0,206.0,204.0,188.0,180.0,180.0,182.0,198.0,180.0,178.0,182.0,176.0,188.0,172.0,178.0,176.0,168.0,186.0,172.0,188.0,184.0,187.0,190.0,192.0,180.0,198.0,194.0,200.0,188.0,194.0,178.0,226.0,196.0,188.0,196.0,196.0,178.0,192.0,188.0,172.0,178.0,172.0,176.0,184.0,178.0,188.0,182.0,200.0,192.0,198.0,174.0,164.0,182.0,192.0,178.0,180.0,178.0,206.0,174.0,198.0,194.0,196.0,198.0,186.0,186.0,186.0,176.0,164.0,184.0,176.0,202.0,196.0,172.0,176.0,186.0,190.0,184.0,194.0,184.0,192.0,188.0,192.0,196.0,190.0,190.0,174.0,182.0,202.0,188.0,186.0,174.0,180.0,206.0,206.0,200.0,216.0,200.0,208.0,208.0,200.0,216.0,220.0,214.0,238.0,238.0,242.0,248.0,234.0,204.0,210.0,202.0,186.0,182.0,188.0,190.0,184.0,198.0,182.0,198.0,180.0,194.0,190.0,200.0,190.0,212.0,182.0,200.0,194.0,192.0,186.0,190.0,202.0,180.0,200.0,192.0,184.0,180.0,184.0,200.0,174.0,198.0,194.0,186.0,178.0,206.0,198.0,200.0,188.0,180.0,190.0,180.0,196.0,190.0,192.0,182.0,204.0,182.0,194.0,192.0,200.0,206.0,210.0,198.0,196.0,200.0,186.0,188.0,194.0,188.0,182.0,184.0,218.0,194.0,208.0,184.0,182.0,186.0,184.0,202.0,218.0,172.0,184.0,196.0,206.0,190.0,196.0,208.0,204.0,202.0,198.0,204.0,188.0,194.0,196.0,196.0,190.0,190.0,192.0,194.0,218.0,196.0,174.0,198.0,200.0,218.0,208.0,188.0,192.0,194.0,204.0,200.0,210.0,206.0,206.0,212.0,194.0,196.0,210.0,212.0,190.0,204.0,182.0,190.0,188.0,212.0,200.0,216.0,202.0,198.0,208.0,188.0,220.0,206.0,222.0,198.0,210.0,200.0,210.0,202.0,186.0,192.0,202.0,198.0,210.0,208.0,200.0,192.0,212.0,200.0,202.0,206.0,198.0,192.0,214.0,216.0,220.0,206.0,218.0,216.0,212.0,198.0,228.0,218.0,212.0,220.0,220.0,206.0,222.0,212.0,234.0,222.0,202.0,224.0,218.0,212.0,206.0,224.0,236.0,206.0,216.0,216.0,206.0,214.0,214.0,214.0,216.0,212.0,219.0,226.0,222.0,208.0,208.0,212.0,206.0,242.0,226.0,226.0,220.0,214.0,244.0,228.0,224.0,216.0,212.0,242.0,212.0,222.0,210.0,220.0,218.0,216.0,212.0,232.0,214.0,212.0,224.0,234.0,224.0,220.0,210.0,218.0,222.0,218.0,230.0,214.0,234.0,228.0,222.0,208.0,246.0,216.0,248.0,220.0,232.0,230.0,226.0,218.0,234.0,240.0,218.0,220.0,248.0,220.0,228.0,236.0,222.0,228.0,224.0,214.0,230.0,228.0,228.0,234.0,222.0,244.0,218.0,236.0,240.0,226.0,228.0,236.0,222.0,214.0,222.0,234.0,236.0,224.0,250.0,236.0,236.0,236.0,226.0,226.0,216.0,238.0,216.0,214.0,226.0,240.0,228.0,246.0,214.0,242.0,228.0,224.0,246.0,238.0,230.0,266.0,252.0,248.0,244.0,240.0,260.0,232.0,258.0,234.0,234.0,244.0,222.0,242.0,244.0,248.0,228.0,256.0,226.0,238.0,210.0,236.0,238.0,246.0,242.0,240.0,250.0,216.0,234.0,228.0,238.0,230.0,234.0,250.0,254.0,242.0,238.0,248.0,228.0,246.0,228.0,224.0,242.0,248.0,232.0,230.0,250.0,232.0,224.0,268.0,246.0,236.0,252.0,250.0,242.0,286.0,234.0,260.0,246.0,256.0,252.0,234.0,244.0,234.0,248.0,234.0,234.0,250.0,220.0,256.0,238.0,244.0,248.0,236.0,240.0,248.0,228.0,236.0,246.0,248.0,246.0,252.0,232.0,236.0,240.0,234.0,226.0,246.0,252.0,266.0,232.0,262.0,224.0,256.0,260.0,252.0,240.0,244.0,250.0,264.0,250.0,254.0,250.0,260.0,246.0,242.0,234.0,238.0,264.0,256.0,274.0,240.0,262.0,238.0,244.0,272.0,242.0,244.0,270.0,258.0,250.0,264.0,244.0,242.0,262.0,236.0,250.0,260.0,252.0,244.0,250.0,258.0,254.0,254.0,254.0,234.0,238.0,252.0,252.0,240.0,262.0,234.0,264.0,242.0,256.0,266.0,254.0,232.0,258.0,264.0,262.0,248.0,264.0,262.0,242.0,268.0,254.0,270.0,262.0,266.0,242.0,258.0,242.0,240.0,246.0,236.0,268.0,246.0,246.0,260.0,264.0,246.0,234.0,240.0,244.0,268.0,276.0,254.0,266.0,260.0,246.0,232.0,264.0,260.0,256.0,266.0,270.0,260.0,250.0,260.0,234.0,252.0,268.0,250.0,246.0,262.0,268.0,258.0,258.0,256.0,280.0,254.0,268.0,248.0,264.0,244.0,266.0,284.0,250.0,230.0,284.0,250.0,242.0,262.0,266.0,264.0,268.0,240.0,250.0,276.0,280.0,280.0,250.0,246.0,276.0,268.0,260.0,256.0,266.0,266.0,264.0,268.0,252.0,270.0,268.0,256.0,266.0,264.0,246.0,264.0,252.0,270.0,260.0,266.0,280.0,264.0,264.0,262.0,284.0,258.0,268.0,266.0,266.0,274.0,270.0,258.0,228.0,262.0,268.0,288.0,244.0,262.0,266.0,272.0,264.0,282.0
7.7434650000000005,0.0,114.0,114.0,114.0,122.0,112.0,104.0,120.0,110.0,110.0,96.0,102.0,90.0,118.0,96.0,110.0,104.0,118.0,118.0,134.0,122.0,112.0,122.0,126.0,126.0,134.0,136.0,122.0,142.0,132.0,128.0,140.0,144.0,116.0,136.0,130.0,130.0,132.0,116.0,128.0,126.0,130.0,124.0,122.0,102.0,118.0,118.0,120.0,138.0,120.0,123.0,126.0,114.0,124.0,128.0,122.0,148.0,132.0,112.0,140.0,140.0,132.0,132.0,146.0,118.0,142.0,116.0,124.0,112.0,122.0,116.0,116.0,122.0,108.0,126.0,126.0,112.0,122.0,116.0,122.0,114.0,134.0,116.0,122.0,122.0,134.0,124.0,126.0,140.0,136.0,120.0,114.0,140.0,124.0,118.0,122.0,120.0,116.0,120.0,128.0,136.0,128.0,124.0,106.0,124.0,120.0,104.0,120.0,126.0,110.0,100.0,104.0,118.0,116.0,122.0,96.0,120.0,122.0,118.0,122.0,126.0,102.0,130.0,132.0,144.0,132.0,126.0,136.0,150.0,130.0,136.0,146.0,156.0,148.0,168.0,178.0,160.0,148.0,140.0,136.0,112.0,108.0,128.0,128.0,106.0,126.0,110.0,106.0,116.0,124.0,126.0,118.0,122.0,128.0,118.0,104.0,116.0,126.0,124.0,116.0,120.0,116.0,126.0,116.0,122.0,116.0,118.0,112.0,120.0,122.0,116.0,96.0,114.0,128.0,130.0,120.0,118.0,122.0,108.0,120.0,130.0,106.0,108.0,108.0,108.0,116.0,118.0,120.0,110.0,106.0,122.0,114.0,122.0,110.0,128.0,124.0,124.0,128.0,110.0,118.0,122.0,116.0,124.0,124.0,130.0,122.0,116.0,120.0,120.0,114.0,128.0,124.0,116.0,126.0,118.0,132.0,112.0,122.0,124.0,122.0,118.0,128.0,128.0,116.0,124.0,118.0,116.0,140.0,124.0,122.0,116.0,110.0,116.0,110.0,128.0,120.0,122.0,116.0,122.0,110.0,110.0,108.0,134.0,116.0,120.0,112.0,108.0,124.0,120.0,120.0,108.0,140.0,126.0,130.0,126.0,124.0,124.0,114.0,128.0,112.0,114.0,122.0,130.0,144.0,128.0,130.0,124.0,136.0,136.0,108.0,112.0,120.0,128.0,122.0,128.0,128.0,130.0,126.0,130.0,128.0,136.0,124.0,132.0,132.0,114.0,126.0,142.0,106.0,148.0,132.0,108.0,124.0,124.0,124.0,114.0,140.0,132.0,136.0,138.0,138.0,122.0,130.0,148.0,124.0,140.0,152.0,122.0,142.0,142.0,148.0,134.0,122.0,148.0,140.0,140.0,132.0,135.0,138.0,126.0,138.0,138.0,130.0,138.0,124.0,140.0,132.0,138.0,134.0,136.0,138.0,116.0,132.0,128.0,132.0,134.0,154.0,118.0,136.0,146.0,122.0,126.0,126.0,134.0,128.0,140.0,132.0,130.0,134.0,130.0,126.0,140.0,142.0,138.0,148.0,144.0,130.0,148.0,160.0,132.0,132.0,148.0,130.0,138.0,140.0,144.0,158.0,132.0,130.0,150.0,132.0,132.0,124.0,146.0,132.0,136.0,138.0,132.0,136.0,142.0,140.0,132.0,134.0,150.0,130.0,140.0,138.0,152.0,128.0,132.0,164.0,150.0,130.0,132.0,134.0,134.0,150.0,140.0,122.0,144.0,146.0,136.0,140.0,146.0,128.0,134.0,128.0,130.0,140.0,142.0,152.0,142.0,132.0,132.0,158.0,144.0,140.0,146.0,140.0,136.0,148.0,132.0,142.0,140.0,134.0,140.0,152.0,140.0,154.0,136.0,142.0,150.0,150.0,130.0,142.0,152.0,142.0,142.0,142.0,144.0,152.0,142.0,128.0,150.0,140.0,140.0,146.0,132.0,148.0,152.0,148.0,140.0,148.0,130.0,136.0,134.0,162.0,148.0,138.0,160.0,140.0,150.0,150.0,144.0,140.0,144.0,140.0,150.0,158.0,130.0,146.0,160.0,164.0,156.0,148.0,158.0,160.0,150.0,156.0,128.0,136.0,138.0,140.0,158.0,146.0,128.0,156.0,130.0,144.0,146.0,146.0,154.0,154.0,142.0,160.0,142.0,158.0,146.0,144.0,162.0,140.0,150.0,146.0,128.0,146.0,158.0,150.0,134.0,168.0,164.0,144.0,158.0,170.0,148.0,142.0,146.0,148.0,142.0,144.0,152.0,138.0,142.0,158.0,136.0,164.0,146.0,156.0,152.0,160.0,142.0,136.0,142.0,140.0,146.0,146.0,150.0,144.0,136.0,144.0,158.0,132.0,138.0,156.0,146.0,154.0,160.0,148.0,146.0,156.0,124.0,150.0,144.0,164.0,142.0,144.0,138.0,166.0,146.0,142.0,138.0,144.0,152.0,140.0,150.0,154.0,150.0,158.0,138.0,152.0,128.0,144.0,148.0,150.0,146.0,142.0,158.0,158.0,154.0,156.0,150.0,152.0,144.0,154.0,164.0,158.0,160.0,152.0,152.0,158.0,152.0,142.0,156.0,154.0,152.0,152.0,144.0,154.0,180.0,142.0,132.0,144.0,150.0,150.0,156.0,148.0,144.0,162.0,146.0,152.0,150.0,148.0,158.0,146.0,154.0,154.0,148.0,156.0,156.0,150.0,152.0,146.0,152.0,154.0,138.0,152.0,152.0,162.0,174.0,146.0,146.0,174.0,160.0,140.0,132.0,162.0,148.0,156.0,156.0,154.0,158.0,162.0,152.0,152.0,162.0,142.0,164.0,148.0,144.0,150.0,170.0,166.0,152.0,174.0,162.0,170.0,156.0,156.0,162.0,144.0,158.0,162.0,142.0,156.0,154.0,160.0,176.0,172.0,150.0,150.0,150.0,156.0,150.0,148.0,154.0,156.0,162.0,174.0,162.0,160.0,158.0,158.0,168.0,162.0
7.7434650000000005,1.5599100000000004,104.0,96.0,90.0,96.0,106.0,88.0,84.0,90.0,86.0,100.0,82.0,90.0,90.0,94.0,100.0,108.0,98.0,116.0,114.0,102.0,104.0,110.0,116.0,108.0,114.0,118.0,118.0,124.0,122.0,106.0,116.0,110.0,108.0,126.0,118.0,126.0,118.0,114.0,88.0,102.0,114.0,108.0,90.0,96.0,114.0,102.0,108.0,106.0,110.0,111.0,112.0,122.0,116.0,110.0,104.0,108.0,108.0,120.0,106.0,112.0,126.0,128.0,120.0,108.0,118.0,92.0,106.0,114.0,102.0,104.0,100.0,108.0,114.0,106.0,100.0,106.0,112.0,110.0,100.0,110.0,108.0,114.0,110.0,108.0,114.0,110.0,116.0,100.0,108.0,122.0,110.0,106.0,106.0,100.0,106.0,96.0,102.0,104.0,104.0,100.0,108.0,106.0,112.0,108.0,112.0,104.0,100.0,96.0,118.0,98.0,94.0,100.0,96.0,98.0,106.0,106.0,106.0,102.0,104.0,114.0,108.0,110.0,106.0,112.0,106.0,124.0,120.0,122.0,126.0,132.0,110.0,128.0,136.0,130.0,162.0,152.0,124.0,130.0,108.0,106.0,112.0,106.0,86.0,98.0,112.0,106.0,100.0,108.0,98.0,110.0,116.0,110.0,104.0,120.0,106.0,108.0,104.0,102.0,102.0,100.0,90.0,100.0,102.0,108.0,92.0,110.0,102.0,106.0,104.0,102.0,108.0,88.0,112.0,96.0,98.0,108.0,102.0,98.0,108.0,94.0,96.0,116.0,110.0,114.0,112.0,112.0,106.0,100.0,86.0,112.0,96.0,108.0,106.0,98.0,108.0,120.0,100.0,102.0,110.0,100.0,114.0,114.0,94.0,112.0,92.0,106.0,98.0,88.0,104.0,100.0,108.0,108.0,96.0,114.0,104.0,102.0,86.0,116.0,116.0,102.0,104.0,120.0,106.0,110.0,104.0,112.0,116.0,102.0,92.0,112.0,108.0,120.0,120.0,100.0,102.0,98.0,104.0,106.0,100.0,102.0,108.0,106.0,116.0,124.0,102.0,96.0,114.0,106.0,98.0,96.0,100.0,106.0,110.0,114.0,106.0,110.0,106.0,116.0,108.0,112.0,104.0,118.0,118.0,110.0,124.0,108.0,106.0,112.0,100.0,102.0,114.0,108.0,122.0,108.0,118.0,96.0,108.0,104.0,112.0,102.0,110.0,104.0,122.0,104.0,118.0,104.0,114.0,106.0,102.0,124.0,110.0,118.0,118.0,116.0,128.0,102.0,112.0,116.0,106.0,124.0,114.0,108.0,120.0,118.0,114.0,120.0,120.0,126.0,110.0,114.0,126.0,116.0,116.0,132.0,116.0,111.0,106.0,122.0,106.0,112.0,106.0,120.0,112.0,112.0,128.0,112.0,118.0,124.0,122.0,126.0,108.0,128.0,116.0,128.0,114.0,128.0,120.0,114.0,136.0,110.0,118.0,122.0,124.0,104.0,132.0,106.0,124.0,110.0,116.0,126.0,118.0,114.0,114.0,114.0,106.0,122.0,128.0,120.0,108.0,110.0,110.0,118.0,114.0,120.0,114.0,124.0,126.0,128.0,118.0,124.0,112.0,122.0,128.0,118.0,124.0,114.0,122.0,122.0,122.0,118.0,130.0,112.0,118.0,118.0,120.0,124.0,126.0,106.0,134.0,124.0,126.0,112.0,120.0,128.0,110.0,114.0,112.0,120.0,126.0,120.0,134.0,120.0,108.0,118.0,118.0,122.0,132.0,128.0,118.0,122.0,130.0,126.0,132.0,116.0,118.0,118.0,136.0,116.0,116.0,132.0,122.0,128.0,104.0,120.0,138.0,136.0,118.0,134.0,116.0,114.0,120.0,118.0,122.0,114.0,124.0,124.0,124.0,122.0,126.0,122.0,126.0,112.0,140.0,144.0,136.0,124.0,118.0,110.0,116.0,130.0,134.0,126.0,128.0,120.0,136.0,124.0,124.0,124.0,110.0,126.0,130.0,134.0,126.0,128.0,138.0,120.0,140.0,128.0,114.0,124.0,144.0,120.0,140.0,120.0,134.0,126.0,128.0,130.0,132.0,130.0,126.0,124.0,126.0,124.0,132.0,128.0,124.0,134.0,106.0,120.0,126.0,126.0,122.0,132.0,128.0,132.0,124.0,126.0,134.0,124.0,128.0,124.0,126.0,142.0,136.0,126.0,118.0,126.0,128.0,120.0,120.0,122.0,136.0,108.0,132.0,142.0,124.0,118.0,140.0,126.0,144.0,152.0,134.0,134.0,128.0,134.0,112.0,122.0,114.0,140.0,120.0,144.0,140.0,126.0,134.0,140.0,142.0,128.0,144.0,126.0,116.0,120.0,136.0,124.0,130.0,146.0,114.0,122.0,118.0,122.0,124.0,138.0,126.0,126.0,126.0,120.0,128.0,124.0,132.0,138.0,130.0,136.0,128.0,138.0,140.0,116.0,112.0,138.0,132.0,132.0,128.0,142.0,122.0,148.0,144.0,136.0,142.0,130.0,130.0,142.0,132.0,126.0,132.0,140.0,128.0,122.0,124.0,130.0,110.0,146.0,138.0,136.0,128.0,122.0,142.0,142.0,126.0,112.0,140.0,132.0,144.0,126.0,132.0,130.0,134.0,130.0,140.0,122.0,128.0,138.0,138.0,134.0,146.0,136.0,120.0,130.0,132.0,130.0,124.0,126.0,126.0,128.0,132.0,124.0,132.0,128.0,116.0,122.0,128.0,130.0,134.0,136.0,130.0,134.0,134.0,132.0,148.0,126.0,122.0,116.0,132.0,142.0,122.0,140.0,128.0,150.0,132.0,142.0,140.0,132.0,130.0,136.0,128.0,136.0,146.0,128.0,132.0,140.0,140.0,134.0,130.0,142.0,144.0,136.0,134.0,124.0,138.0,146.0,142.0,142.0,110.0,136.0,136.0,128.0,138.0,134.0,134.0,140.0,144.0,142.0,126.0
7.7434650000000005,3.11981,94.0,92.0,88.0,84.0,86.0,84.0,82.0,92.0,80.0,88.0,84.0,84.0,98.0,86.0,92.0,92.0,98.0,112.0,102.0,110.0,98.0,112.0,96.0,108.0,100.0,110.0,110.0,108.0,110.0,106.0,114.0,110.0,110.0,96.0,110.0,110.0,110.0,100.0,92.0,100.0,106.0,94.0,104.0,92.0,106.0,110.0,92.0,100.0,104.0,105.0,106.0,114.0,100.0,108.0,96.0,104.0,98.0,108.0,96.0,106.0,114.0,108.0,110.0,108.0,104.0,110.0,98.0,112.0,106.0,104.0,110.0,98.0,110.0,98.0,110.0,100.0,116.0,100.0,106.0,98.0,102.0,108.0,108.0,102.0,110.0,112.0,100.0,90.0,114.0,108.0,100.0,106.0,116.0,98.0,108.0,102.0,88.0,82.0,110.0,94.0,100.0,96.0,116.0,104.0,92.0,98.0,108.0,86.0,106.0,102.0,84.0,100.0,96.0,100.0,102.0,108.0,104.0,108.0,86.0,88.0,112.0,100.0,90.0,102.0,100.0,100.0,94.0,110.0,98.0,102.0,122.0,120.0,120.0,118.0,122.0,110.0,118.0,114.0,116.0,102.0,96.0,112.0,94.0,100.0,112.0,106.0,106.0,102.0,94.0,84.0,90.0,90.0,94.0,100.0,96.0,106.0,102.0,98.0,98.0,108.0,94.0,100.0,100.0,102.0,92.0,100.0,112.0,96.0,86.0,112.0,100.0,96.0,90.0,98.0,86.0,108.0,92.0,110.0,96.0,90.0,106.0,96.0,112.0,94.0,108.0,104.0,94.0,112.0,98.0,106.0,118.0,108.0,98.0,88.0,106.0,98.0,98.0,88.0,108.0,98.0,98.0,102.0,96.0,96.0,98.0,102.0,112.0,92.0,86.0,84.0,98.0,96.0,98.0,100.0,110.0,90.0,102.0,96.0,102.0,90.0,92.0,90.0,100.0,94.0,102.0,110.0,100.0,100.0,96.0,98.0,102.0,98.0,102.0,92.0,114.0,96.0,98.0,98.0,92.0,94.0,98.0,82.0,98.0,96.0,90.0,100.0,88.0,102.0,108.0,104.0,86.0,94.0,96.0,94.0,92.0,104.0,102.0,102.0,98.0,98.0,102.0,84.0,94.0,102.0,104.0,86.0,104.0,100.0,94.0,98.0,108.0,92.0,92.0,104.0,90.0,98.0,104.0,98.0,94.0,112.0,98.0,96.0,108.0,100.0,96.0,98.0,108.0,108.0,106.0,96.0,82.0,104.0,100.0,106.0,102.0,94.0,98.0,110.0,88.0,112.0,100.0,102.0,106.0,112.0,104.0,92.0,94.0,108.0,100.0,98.0,98.0,106.0,108.0,84.0,106.0,114.0,116.0,110.0,96.0,112.0,110.0,106.0,120.0,102.0,104.0,100.0,104.0,114.0,122.0,112.0,108.0,100.0,96.0,94.0,108.0,100.0,100.0,100.0,112.0,106.0,108.0,108.0,110.0,122.0,96.0,110.0,104.0,106.0,110.0,102.0,112.0,114.0,112.0,118.0,114.0,110.0,108.0,120.0,106.0,118.0,104.0,100.0,112.0,104.0,118.0,116.0,112.0,106.0,100.0,110.0,110.0,100.0,114.0,102.0,118.0,114.0,112.0,102.0,100.0,108.0,102.0,118.0,114.0,114.0,100.0,106.0,104.0,114.0,106.0,116.0,116.0,102.0,92.0,112.0,114.0,94.0,122.0,110.0,110.0,102.0,112.0,112.0,116.0,112.0,108.0,106.0,104.0,112.0,106.0,108.0,126.0,110.0,102.0,118.0,136.0,104.0,122.0,118.0,122.0,118.0,126.0,124.0,112.0,104.0,114.0,128.0,110.0,100.0,124.0,120.0,118.0,102.0,98.0,120.0,108.0,114.0,112.0,112.0,108.0,114.0,106.0,122.0,110.0,108.0,132.0,116.0,116.0,124.0,102.0,118.0,118.0,122.0,116.0,110.0,116.0,108.0,104.0,104.0,102.0,124.0,134.0,122.0,114.0,116.0,114.0,120.0,116.0,112.0,122.0,122.0,118.0,106.0,124.0,124.0,110.0,114.0,124.0,124.0,122.0,116.0,120.0,106.0,108.0,114.0,100.0,118.0,120.0,114.0,128.0,114.0,116.0,100.0,116.0,112.0,108.0,104.0,112.0,110.0,118.0,116.0,114.0,104.0,122.0,122.0,112.0,106.0,126.0,116.0,102.0,104.0,126.0,132.0,122.0,108.0,114.0,106.0,126.0,118.0,112.0,118.0,118.0,118.0,118.0,106.0,120.0,134.0,110.0,132.0,116.0,118.0,112.0,116.0,114.0,130.0,108.0,112.0,120.0,108.0,120.0,118.0,120.0,126.0,124.0,122.0,122.0,116.0,110.0,116.0,114.0,124.0,116.0,98.0,120.0,112.0,128.0,134.0,116.0,112.0,130.0,124.0,126.0,110.0,108.0,108.0,118.0,118.0,122.0,118.0,116.0,120.0,120.0,112.0,112.0,100.0,130.0,118.0,116.0,110.0,120.0,120.0,120.0,106.0,118.0,124.0,114.0,130.0,130.0,128.0,120.0,118.0,114.0,120.0,110.0,112.0,134.0,122.0,106.0,114.0,102.0,112.0,124.0,118.0,124.0,126.0,106.0,108.0,118.0,120.0,120.0,136.0,114.0,122.0,118.0,136.0,120.0,120.0,130.0,110.0,114.0,114.0,108.0,114.0,112.0,118.0,120.0,120.0,116.0,124.0,104.0,116.0,140.0,118.0,106.0,128.0,116.0,124.0,138.0,130.0,108.0,98.0,112.0,128.0,106.0,124.0,122.0,132.0,116.0,116.0,122.0,106.0,108.0,116.0,138.0,112.0,124.0,116.0,128.0,122.0,126.0,124.0,120.0,110.0,122.0,116.0,118.0,118.0,124.0,116.0,118.0,110.0,108.0,132.0,122.0,114.0,116.0,132.0,126.0,112.0,116.0,130.0,114.0
7.7434650000000005,4.6797200000000005,122.0,88.0,98.0,98.0,92.0,88.0,98.0,104.0,102.0,96.0,100.0,106.0,90.0,98.0,94.0,100.0,102.0,110.0,110.0,102.0,114.0,96.0,100.0,116.0,94.0,118.0,116.0,104.0,104.0,120.0,108.0,112.0,104.0,104.0,102.0,110.0,110.0,108.0,108.0,98.0,114.0,98.0,110.0,104.0,112.0,110.0,120.0,120.0,116.0,112.0,108.0,114.0,122.0,106.0,118.0,124.0,112.0,102.0,108.0,118.0,112.0,118.0,110.0,118.0,110.0,122.0,116.0,100.0,102.0,128.0,112.0,116.0,116.0,134.0,106.0,120.0,108.0,106.0,110.0,122.0,120.0,100.0,108.0,120.0,110.0,116.0,132.0,136.0,124.0,132.0,108.0,112.0,118.0,106.0,116.0,106.0,96.0,114.0,104.0,114.0,98.0,116.0,100.0,116.0,104.0,108.0,118.0,120.0,110.0,112.0,100.0,104.0,108.0,112.0,110.0,104.0,126.0,94.0,114.0,112.0,106.0,108.0,108.0,108.0,100.0,108.0,108.0,116.0,124.0,112.0,118.0,104.0,122.0,118.0,108.0,116.0,112.0,130.0,108.0,104.0,108.0,134.0,108.0,106.0,114.0,110.0,124.0,116.0,104.0,106.0,114.0,106.0,114.0,116.0,106.0,112.0,112.0,114.0,122.0,114.0,106.0,108.0,98.0,116.0,108.0,114.0,110.0,118.0,116.0,102.0,110.0,120.0,114.0,118.0,110.0,106.0,118.0,112.0,114.0,102.0,126.0,120.0,118.0,116.0,136.0,140.0,138.0,126.0,122.0,132.0,128.0,134.0,130.0,136.0,136.0,108.0,118.0,116.0,122.0,106.0,110.0,116.0,124.0,114.0,120.0,114.0,116.0,100.0,118.0,120.0,110.0,118.0,108.0,108.0,114.0,112.0,118.0,114.0,116.0,106.0,96.0,114.0,100.0,108.0,100.0,106.0,112.0,110.0,114.0,112.0,114.0,112.0,110.0,110.0,108.0,94.0,98.0,120.0,104.0,114.0,116.0,116.0,108.0,102.0,100.0,120.0,100.0,118.0,118.0,114.0,118.0,108.0,114.0,108.0,106.0,120.0,108.0,114.0,116.0,108.0,110.0,114.0,110.0,104.0,112.0,108.0,114.0,112.0,106.0,94.0,114.0,128.0,98.0,104.0,100.0,108.0,104.0,116.0,124.0,110.0,112.0,118.0,114.0,110.0,110.0,116.0,122.0,120.0,104.0,110.0,110.0,110.0,124.0,100.0,122.0,116.0,122.0,102.0,126.0,118.0,110.0,104.0,126.0,118.0,126.0,114.0,142.0,114.0,114.0,114.0,126.0,120.0,114.0,104.0,122.0,125.0,128.0,110.0,124.0,124.0,116.0,114.0,114.0,126.0,118.0,118.0,108.0,108.0,102.0,134.0,126.0,130.0,116.0,112.0,118.0,118.0,114.0,118.0,130.0,124.0,120.0,128.0,118.0,110.0,124.0,128.0,112.0,104.0,120.0,128.0,122.0,124.0,122.0,112.0,120.0,124.0,116.0,130.0,126.0,136.0,130.0,124.0,126.0,134.0,126.0,120.0,130.0,114.0,128.0,128.0,116.0,118.0,136.0,116.0,120.0,136.0,128.0,114.0,124.0,126.0,128.0,132.0,128.0,118.0,132.0,124.0,132.0,124.0,120.0,124.0,122.0,126.0,128.0,134.0,126.0,126.0,140.0,130.0,136.0,132.0,122.0,122.0,120.0,126.0,130.0,116.0,128.0,130.0,128.0,128.0,140.0,124.0,132.0,132.0,130.0,126.0,118.0,130.0,126.0,120.0,132.0,138.0,128.0,146.0,134.0,128.0,142.0,138.0,130.0,130.0,122.0,136.0,122.0,126.0,118.0,122.0,126.0,140.0,128.0,132.0,130.0,126.0,144.0,112.0,128.0,138.0,132.0,118.0,124.0,136.0,150.0,126.0,130.0,126.0,108.0,132.0,158.0,136.0,136.0,130.0,128.0,140.0,138.0,134.0,128.0,112.0,128.0,148.0,116.0,154.0,138.0,136.0,150.0,140.0,144.0,140.0,128.0,132.0,140.0,130.0,140.0,132.0,126.0,140.0,130.0,122.0,124.0,122.0,134.0,130.0,140.0,136.0,126.0,140.0,132.0,134.0,126.0,136.0,134.0,128.0,142.0,142.0,140.0,130.0,134.0,152.0,142.0,140.0,142.0,132.0,158.0,130.0,144.0,138.0,142.0,126.0,148.0,126.0,144.0,126.0,146.0,144.0,140.0,136.0,140.0,138.0,142.0,134.0,134.0,148.0,124.0,144.0,142.0,140.0,124.0,156.0,140.0,134.0,160.0,136.0,130.0,150.0,132.0,136.0,136.0,140.0,124.0,134.0,146.0,126.0,142.0,144.0,142.0,146.0,134.0,134.0,130.0,132.0,134.0,132.0,138.0,128.0,126.0,132.0,146.0,144.0,138.0,138.0,140.0,142.0,152.0,132.0,132.0,138.0,140.0,134.0,138.0,142.0,128.0,134.0,132.0,134.0,142.0,142.0,126.0,140.0,130.0,126.0,152.0,142.0,130.0,146.0,142.0,148.0,140.0,152.0,148.0,144.0,148.0,140.0,146.0,154.0,148.0,136.0,138.0,140.0,140.0,132.0,142.0,136.0,126.0,148.0,134.0,136.0,124.0,146.0,154.0,130.0,140.0,144.0,140.0,132.0,146.0,130.0,144.0,152.0,146.0,136.0,136.0,148.0,152.0,146.0,136.0,146.0,146.0,154.0,136.0,154.0,136.0,142.0,138.0,138.0,138.0,150.0,144.0,160.0,140.0,154.0,144.0,150.0,160.0,136.0,140.0,140.0,156.0,140.0,144.0,156.0,156.0,148.0,140.0,144.0,158.0,166.0,134.0,148.0,146.0,134.0,150.0,150.0,152.0,148.0,134.0,148.0,154.0,148.0,140.0,126.0,148.0,150.0,146.0
7.7434650000000005,6.23962,112.0,128.0,100.0,98.0,114.0,108.0,112.0,118.0,104.0,120.0,100.0,110.0,114.0,110.0,112.0,114.0,120.0,122.0,124.0,122.0,124.0,118.0,124.0,122.0,120.0,138.0,130.0,112.0,116.0,120.0,122.0,116.0,126.0,134.0,120.0,122.0,116.0,114.0,116.0,126.0,138.0,124.0,120.0,124.0,124.0,118.0,122.0,104.0,118.0,122.0,126.0,130.0,118.0,134.0,120.0,120.0,120.0,138.0,114.0,146.0,124.0,126.0,116.0,114.0,124.0,132.0,116.0,128.0,130.0,120.0,130.0,132.0,124.0,118.0,130.0,140.0,120.0,122.0,130.0,136.0,142.0,140.0,116.0,124.0,134.0,118.0,134.0,138.0,134.0,128.0,118.0,138.0,126.0,134.0,110.0,116.0,126.0,124.0,136.0,124.0,122.0,124.0,118.0,120.0,124.0,132.0,114.0,120.0,110.0,120.0,136.0,110.0,130.0,128.0,128.0,124.0,128.0,142.0,128.0,126.0,114.0,126.0,132.0,114.0,128.0,124.0,136.0,118.0,134.0,138.0,128.0,124.0,128.0,130.0,146.0,122.0,126.0,132.0,140.0,122.0,136.0,112.0,138.0,130.0,124.0,112.0,116.0,132.0,124.0,126.0,138.0,138.0,142.0,118.0,134.0,124.0,124.0,130.0,140.0,120.0,136.0,132.0,140.0,118.0,132.0,134.0,136.0,144.0,122.0,146.0,132.0,134.0,142.0,142.0,138.0,112.0,136.0,126.0,132.0,132.0,142.0,142.0,136.0,132.0,136.0,134.0,140.0,130.0,136.0,132.0,138.0,124.0,138.0,132.0,138.0,138.0,130.0,138.0,138.0,134.0,136.0,144.0,136.0,132.0,142.0,120.0,134.0,132.0,126.0,134.0,130.0,132.0,140.0,130.0,134.0,146.0,136.0,144.0,132.0,134.0,126.0,134.0,122.0,148.0,128.0,148.0,142.0,122.0,136.0,132.0,148.0,142.0,134.0,136.0,136.0,136.0,134.0,154.0,136.0,144.0,138.0,134.0,140.0,154.0,142.0,142.0,142.0,148.0,132.0,130.0,144.0,130.0,140.0,130.0,130.0,140.0,144.0,136.0,142.0,136.0,134.0,138.0,150.0,136.0,150.0,154.0,140.0,150.0,132.0,134.0,132.0,134.0,134.0,146.0,150.0,142.0,150.0,120.0,140.0,132.0,138.0,154.0,146.0,140.0,146.0,144.0,158.0,152.0,144.0,126.0,146.0,152.0,122.0,148.0,128.0,136.0,148.0,162.0,150.0,154.0,130.0,148.0,152.0,158.0,158.0,142.0,156.0,150.0,144.0,158.0,168.0,156.0,150.0,134.0,166.0,158.0,150.0,140.0,152.0,150.0,162.0,160.0,152.0,138.0,158.0,140.0,158.0,144.0,152.0,138.0,146.0,134.0,156.0,148.0,156.0,164.0,150.0,156.0,164.0,160.0,148.0,148.0,142.0,168.0,158.0,152.0,168.0,152.0,162.0,148.0,164.0,152.0,152.0,144.0,154.0,166.0,168.0,162.0,144.0,158.0,160.0,152.0,144.0,160.0,150.0,150.0,138.0,164.0,154.0,164.0,164.0,172.0,168.0,148.0,156.0,164.0,174.0,176.0,166.0,170.0,140.0,156.0,148.0,164.0,174.0,166.0,160.0,162.0,180.0,172.0,172.0,172.0,156.0,160.0,174.0,178.0,168.0,164.0,162.0,164.0,166.0,172.0,156.0,162.0,194.0,178.0,162.0,166.0,164.0,170.0,164.0,176.0,174.0,158.0,164.0,166.0,166.0,178.0,182.0,162.0,170.0,172.0,176.0,186.0,172.0,170.0,182.0,180.0,180.0,186.0,176.0,184.0,162.0,164.0,168.0,172.0,188.0,162.0,178.0,150.0,180.0,166.0,172.0,164.0,172.0,194.0,172.0,166.0,174.0,170.0,162.0,174.0,156.0,200.0,184.0,170.0,176.0,184.0,186.0,178.0,168.0,178.0,186.0,182.0,166.0,172.0,182.0,200.0,170.0,172.0,184.0,200.0,174.0,186.0,170.0,170.0,178.0,178.0,188.0,186.0,200.0,174.0,166.0,166.0,164.0,176.0,174.0,190.0,174.0,184.0,174.0,176.0,166.0,178.0,180.0,186.0,190.0,184.0,158.0,158.0,198.0,184.0,196.0,182.0,198.0,194.0,180.0,176.0,178.0,184.0,186.0,188.0,186.0,176.0,190.0,180.0,186.0,178.0,194.0,184.0,182.0,184.0,182.0,216.0,182.0,186.0,180.0,168.0,192.0,180.0,192.0,190.0,174.0,168.0,180.0,190.0,178.0,210.0,182.0,166.0,200.0,168.0,176.0,178.0,176.0,186.0,174.0,202.0,198.0,174.0,184.0,206.0,196.0,176.0,200.0,184.0,200.0,176.0,186.0,186.0,178.0,186.0,184.0,176.0,178.0,186.0,168.0,188.0,186.0,186.0,174.0,190.0,184.0,174.0,192.0,182.0,178.0,194.0,198.0,180.0,182.0,184.0,208.0,200.0,182.0,206.0,174.0,190.0,192.0,202.0,180.0,178.0,192.0,186.0,198.0,190.0,190.0,176.0,190.0,184.0,188.0,188.0,198.0,198.0,200.0,180.0,198.0,192.0,194.0,180.0,190.0,188.0,190.0,192.0,180.0,188.0,188.0,182.0,194.0,182.0,204.0,210.0,190.0,192.0,204.0,188.0,184.0,198.0,214.0,204.0,204.0,206.0,194.0,178.0,214.0,172.0,184.0,188.0,192.0,194.0,198.0,214.0,192.0,196.0,192.0,202.0,182.0,192.0,200.0,184.0,196.0,206.0,196.0,188.0,174.0,208.0,184.0,192.0,188.0,182.0,184.0,206.0,202.0,204.0,192.0,210.0,206.0,200.0,206.0,192.0,204.0,200.0,202.0,194.0,212.0,202.0,196.0,186.0,192.0,200.0,214.0
7.7434650000000005,7.799523000000001,44.0,36.0,38.0,40.0,36.0,46.0,38.0,34.0,36.0,40.0,44.0,44.0,38.0,40.0,38.0,36.0,44.0,42.0,56.0,50.0,60.0,44.0,60.0,58.0,44.0,50.0,50.0,58.0,48.0,56.0,48.0,56.0,46.0,48.0,44.0,58.0,44.0,52.0,62.0,52.0,82.0,70.0,62.0,50.0,54.0,50.0,54.0,74.0,58.0,57.0,56.0,56.0,58.0,56.0,54.0,48.0,50.0,50.0,50.0,58.0,46.0,66.0,86.0,72.0,76.0,72.0,58.0,58.0,58.0,48.0,54.0,58.0,62.0,52.0,52.0,48.0,48.0,48.0,44.0,58.0,50.0,52.0,52.0,52.0,56.0,56.0,54.0,56.0,56.0,60.0,64.0,54.0,56.0,50.0,60.0,46.0,50.0,56.0,56.0,56.0,62.0,70.0,60.0,64.0,58.0,52.0,54.0,44.0,50.0,50.0,54.0,42.0,50.0,48.0,52.0,40.0,46.0,48.0,44.0,46.0,52.0,42.0,46.0,48.0,46.0,42.0,44.0,48.0,58.0,46.0,52.0,58.0,50.0,48.0,56.0,44.0,48.0,44.0,48.0,44.0,54.0,44.0,44.0,42.0,42.0,48.0,46.0,48.0,48.0,52.0,40.0,46.0,50.0,52.0,46.0,50.0,46.0,44.0,42.0,48.0,52.0,50.0,52.0,48.0,46.0,44.0,48.0,56.0,54.0,54.0,54.0,40.0,56.0,54.0,48.0,42.0,52.0,46.0,44.0,50.0,56.0,56.0,50.0,60.0,62.0,54.0,60.0,50.0,56.0,56.0,54.0,50.0,48.0,52.0,48.0,56.0,50.0,54.0,42.0,48.0,44.0,54.0,50.0,52.0,44.0,44.0,48.0,52.0,44.0,42.0,44.0,46.0,54.0,40.0,50.0,52.0,52.0,48.0,44.0,52.0,44.0,44.0,50.0,50.0,44.0,54.0,50.0,52.0,44.0,52.0,50.0,46.0,50.0,42.0,50.0,46.0,42.0,46.0,52.0,48.0,40.0,52.0,58.0,48.0,48.0,56.0,50.0,50.0,40.0,56.0,42.0,50.0,50.0,44.0,54.0,52.0,50.0,50.0,52.0,44.0,52.0,48.0,48.0,64.0,52.0,52.0,50.0,46.0,40.0,52.0,52.0,42.0,50.0,46.0,50.0,46.0,56.0,42.0,44.0,50.0,50.0,50.0,56.0,50.0,50.0,54.0,52.0,48.0,54.0,54.0,50.0,58.0,50.0,44.0,52.0,50.0,54.0,54.0,40.0,50.0,54.0,48.0,54.0,52.0,50.0,58.0,56.0,56.0,54.0,56.0,50.0,66.0,58.0,54.0,54.0,59.0,58.0,54.0,58.0,60.0,62.0,58.0,62.0,64.0,52.0,50.0,64.0,52.0,46.0,58.0,46.0,58.0,62.0,54.0,46.0,66.0,60.0,46.0,62.0,60.0,52.0,48.0,58.0,60.0,52.0,52.0,56.0,58.0,64.0,56.0,54.0,58.0,62.0,52.0,64.0,64.0,56.0,56.0,64.0,56.0,56.0,54.0,60.0,58.0,62.0,48.0,60.0,66.0,66.0,54.0,60.0,56.0,62.0,58.0,60.0,64.0,58.0,62.0,68.0,66.0,58.0,62.0,66.0,64.0,70.0,62.0,62.0,66.0,66.0,72.0,66.0,62.0,72.0,62.0,66.0,80.0,74.0,74.0,74.0,76.0,82.0,82.0,82.0,76.0,80.0,88.0,98.0,86.0,92.0,94.0,90.0,94.0,98.0,102.0,104.0,106.0,118.0,114.0,116.0,118.0,114.0,114.0,104.0,108.0,112.0,94.0,92.0,102.0,100.0,92.0,96.0,88.0,78.0,78.0,80.0,86.0,76.0,82.0,76.0,70.0,72.0,60.0,62.0,72.0,68.0,68.0,64.0,66.0,58.0,64.0,72.0,54.0,66.0,64.0,70.0,64.0,66.0,68.0,64.0,58.0,50.0,62.0,64.0,68.0,66.0,54.0,64.0,64.0,58.0,62.0,68.0,52.0,60.0,66.0,60.0,64.0,60.0,54.0,66.0,54.0,70.0,62.0,60.0,64.0,66.0,68.0,60.0,58.0,58.0,56.0,60.0,62.0,50.0,60.0,58.0,60.0,60.0,58.0,56.0,58.0,60.0,54.0,62.0,70.0,66.0,60.0,60.0,66.0,56.0,58.0,62.0,64.0,62.0,62.0,62.0,54.0,58.0,56.0,60.0,62.0,58.0,66.0,58.0,58.0,64.0,64.0,60.0,60.0,54.0,68.0,56.0,60.0,52.0,60.0,62.0,58.0,64.0,56.0,56.0,66.0,46.0,50.0,50.0,60.0,54.0,68.0,56.0,54.0,62.0,62.0,58.0,58.0,60.0,58.0,58.0,62.0,52.0,56.0,58.0,52.0,62.0,60.0,64.0,60.0,60.0,56.0,60.0,60.0,54.0,52.0,60.0,70.0,60.0,58.0,62.0,62.0,60.0,48.0,60.0,64.0,52.0,64.0,56.0,56.0,64.0,64.0,54.0,52.0,68.0,60.0,64.0,66.0,52.0,64.0,54.0,64.0,56.0,60.0,60.0,62.0,60.0,56.0,54.0,66.0,56.0,60.0,52.0,58.0,58.0,60.0,56.0,64.0,52.0,54.0,56.0,58.0,58.0,58.0,60.0,58.0,56.0,64.0,62.0,60.0,58.0,60.0,54.0,62.0,64.0,64.0,54.0,60.0,52.0,56.0,62.0,58.0,62.0,62.0,56.0,54.0,58.0,56.0,58.0,54.0,58.0,68.0,66.0,58.0,58.0,68.0,50.0,56.0,60.0,62.0,60.0,58.0,60.0,52.0,66.0,52.0,70.0,62.0,60.0,66.0,62.0,56.0,58.0,62.0,56.0,66.0,54.0,60.0,64.0,64.0,60.0,76.0,66.0,60.0,58.0,50.0,64.0
7.7434650000000005,9.35943,48.0,46.0,46.0,46.0,38.0,36.0,38.0,46.0,42.0,44.0,42.0,36.0,44.0,40.0,44.0,40.0,42.0,48.0,58.0,54.0,62.0,50.0,60.0,46.0,48.0,56.0,54.0,50.0,52.0,50.0,62.0,52.0,54.0,60.0,52.0,50.0,58.0,54.0,68.0,90.0,126.0,146.0,98.0,74.0,74.0,70.0,80.0,104.0,80.0,75.0,68.0,56.0,60.0,54.0,54.0,52.0,62.0,58.0,74.0,80.0,84.0,116.0,156.0,148.0,116.0,106.0,100.0,74.0,64.0,64.0,66.0,50.0,68.0,58.0,58.0,68.0,50.0,54.0,60.0,52.0,60.0,60.0,58.0,62.0,62.0,60.0,54.0,64.0,66.0,66.0,74.0,64.0,72.0,56.0,70.0,50.0,62.0,78.0,66.0,104.0,104.0,124.0,108.0,80.0,76.0,72.0,70.0,56.0,54.0,54.0,52.0,46.0,50.0,52.0,48.0,54.0,48.0,54.0,56.0,54.0,50.0,50.0,62.0,54.0,44.0,54.0,50.0,62.0,62.0,62.0,66.0,64.0,64.0,60.0,58.0,66.0,62.0,48.0,48.0,58.0,58.0,54.0,54.0,52.0,52.0,46.0,56.0,50.0,50.0,52.0,52.0,52.0,50.0,50.0,46.0,52.0,56.0,38.0,48.0,56.0,64.0,52.0,52.0,60.0,64.0,60.0,72.0,84.0,74.0,82.0,64.0,62.0,70.0,64.0,62.0,60.0,60.0,54.0,48.0,68.0,66.0,60.0,56.0,66.0,64.0,68.0,58.0,70.0,58.0,74.0,52.0,64.0,56.0,48.0,50.0,58.0,62.0,56.0,52.0,46.0,52.0,48.0,44.0,56.0,48.0,48.0,58.0,56.0,54.0,50.0,52.0,58.0,54.0,54.0,70.0,52.0,48.0,54.0,54.0,52.0,64.0,58.0,50.0,60.0,58.0,64.0,56.0,56.0,48.0,68.0,56.0,50.0,64.0,58.0,54.0,62.0,54.0,56.0,62.0,56.0,64.0,58.0,70.0,56.0,66.0,60.0,60.0,52.0,56.0,60.0,60.0,60.0,64.0,62.0,62.0,54.0,54.0,58.0,56.0,60.0,56.0,54.0,58.0,58.0,58.0,58.0,64.0,56.0,56.0,54.0,62.0,62.0,58.0,54.0,60.0,60.0,62.0,60.0,64.0,56.0,70.0,62.0,62.0,70.0,58.0,60.0,66.0,60.0,60.0,58.0,56.0,62.0,60.0,62.0,58.0,60.0,60.0,60.0,62.0,50.0,62.0,62.0,70.0,64.0,56.0,68.0,64.0,68.0,60.0,76.0,66.0,76.0,70.0,72.0,74.0,73.0,68.0,68.0,66.0,74.0,84.0,76.0,76.0,74.0,70.0,72.0,88.0,80.0,72.0,72.0,68.0,72.0,78.0,82.0,76.0,72.0,80.0,82.0,80.0,72.0,72.0,74.0,78.0,84.0,70.0,80.0,68.0,78.0,74.0,78.0,76.0,72.0,70.0,72.0,68.0,78.0,74.0,74.0,76.0,78.0,74.0,70.0,80.0,74.0,80.0,80.0,76.0,86.0,72.0,84.0,76.0,84.0,80.0,82.0,88.0,92.0,88.0,92.0,92.0,80.0,86.0,96.0,90.0,96.0,90.0,96.0,90.0,98.0,100.0,96.0,92.0,94.0,110.0,102.0,110.0,116.0,112.0,128.0,116.0,122.0,134.0,132.0,136.0,142.0,134.0,154.0,136.0,158.0,160.0,170.0,176.0,194.0,194.0,194.0,208.0,218.0,236.0,230.0,210.0,220.0,216.0,212.0,232.0,196.0,194.0,196.0,182.0,174.0,166.0,144.0,152.0,154.0,146.0,126.0,128.0,122.0,114.0,108.0,130.0,110.0,108.0,114.0,100.0,98.0,106.0,106.0,92.0,88.0,94.0,78.0,78.0,90.0,84.0,80.0,76.0,86.0,78.0,78.0,84.0,82.0,74.0,68.0,84.0,82.0,88.0,72.0,78.0,80.0,72.0,74.0,88.0,72.0,84.0,82.0,78.0,78.0,82.0,76.0,80.0,76.0,72.0,78.0,74.0,72.0,72.0,78.0,72.0,74.0,72.0,66.0,74.0,74.0,78.0,72.0,72.0,78.0,80.0,70.0,76.0,72.0,76.0,80.0,72.0,70.0,70.0,72.0,76.0,80.0,70.0,84.0,70.0,72.0,82.0,76.0,72.0,66.0,74.0,66.0,82.0,72.0,68.0,66.0,74.0,74.0,66.0,72.0,62.0,64.0,68.0,68.0,64.0,66.0,76.0,74.0,64.0,76.0,66.0,66.0,68.0,72.0,72.0,70.0,64.0,80.0,70.0,72.0,72.0,82.0,70.0,76.0,62.0,70.0,68.0,74.0,70.0,68.0,66.0,68.0,64.0,66.0,66.0,64.0,70.0,76.0,70.0,76.0,64.0,74.0,68.0,76.0,64.0,68.0,64.0,70.0,68.0,72.0,64.0,66.0,70.0,68.0,62.0,58.0,62.0,76.0,62.0,68.0,58.0,64.0,66.0,78.0,64.0,68.0,70.0,74.0,72.0,64.0,66.0,68.0,66.0,66.0,68.0,70.0,78.0,70.0,62.0,62.0,80.0,72.0,74.0,76.0,74.0,70.0,68.0,58.0,68.0,70.0,74.0,76.0,74.0,68.0,62.0,70.0,72.0,66.0,64.0,70.0,66.0,72.0,64.0,62.0,68.0,62.0,60.0,64.0,66.0,62.0,72.0,74.0,70.0,74.0,64.0,74.0,66.0,74.0,72.0,70.0,76.0,72.0,70.0,68.0,70.0,74.0,68.0,66.0,74.0,64.0,76.0,72.0,68.0,70.0,68.0,76.0,62.0,70.0,68.0,70.0,68.0,76.0,70.0,68.0,62.0,66.0,70.0,70.0,76.0,70.0,66.0,70.0,86.0,68.0,64.0
7.7434650000000005,10.91933,56.0,54.0,56.0,44.0,54.0,52.0,50.0,56.0,58.0,56.0,50.0,54.0,46.0,52.0,56.0,52.0,58.0,54.0,66.0,66.0,58.0,64.0,50.0,58.0,58.0,64.0,60.0,60.0,58.0,66.0,62.0,66.0,60.0,62.0,68.0,64.0,64.0,66.0,74.0,88.0,118.0,120.0,82.0,76.0,68.0,72.0,88.0,102.0,100.0,92.0,70.0,64.0,68.0,56.0,76.0,58.0,62.0,78.0,74.0,84.0,104.0,112.0,138.0,136.0,120.0,108.0,84.0,88.0,78.0,74.0,70.0,70.0,60.0,76.0,72.0,68.0,70.0,66.0,68.0,64.0,70.0,68.0,72.0,78.0,56.0,70.0,72.0,74.0,70.0,86.0,66.0,78.0,68.0,76.0,74.0,78.0,72.0,78.0,94.0,108.0,130.0,122.0,112.0,94.0,74.0,66.0,68.0,68.0,76.0,70.0,68.0,66.0,64.0,62.0,60.0,70.0,62.0,60.0,62.0,66.0,58.0,58.0,62.0,68.0,64.0,58.0,60.0,64.0,68.0,66.0,70.0,70.0,74.0,70.0,70.0,70.0,72.0,66.0,68.0,70.0,64.0,64.0,68.0,74.0,64.0,60.0,66.0,60.0,64.0,64.0,66.0,68.0,60.0,58.0,64.0,68.0,52.0,64.0,70.0,62.0,68.0,72.0,72.0,78.0,72.0,74.0,84.0,86.0,88.0,84.0,78.0,82.0,80.0,72.0,70.0,76.0,76.0,76.0,76.0,80.0,84.0,86.0,84.0,84.0,88.0,88.0,80.0,92.0,86.0,88.0,80.0,70.0,76.0,72.0,72.0,82.0,72.0,64.0,62.0,84.0,64.0,68.0,64.0,72.0,70.0,64.0,74.0,66.0,62.0,68.0,64.0,60.0,64.0,74.0,68.0,68.0,66.0,68.0,66.0,60.0,64.0,58.0,64.0,66.0,62.0,56.0,70.0,60.0,70.0,72.0,66.0,66.0,62.0,70.0,68.0,64.0,64.0,74.0,76.0,66.0,74.0,74.0,72.0,68.0,78.0,62.0,72.0,66.0,66.0,64.0,70.0,60.0,68.0,62.0,68.0,68.0,72.0,74.0,62.0,70.0,66.0,72.0,72.0,68.0,74.0,68.0,68.0,78.0,68.0,64.0,66.0,66.0,80.0,68.0,72.0,74.0,72.0,74.0,68.0,72.0,66.0,70.0,66.0,66.0,70.0,64.0,70.0,76.0,70.0,78.0,66.0,74.0,76.0,72.0,70.0,68.0,60.0,72.0,74.0,72.0,76.0,72.0,74.0,74.0,80.0,72.0,68.0,82.0,84.0,78.0,76.0,72.0,72.0,64.0,72.0,79.0,86.0,74.0,78.0,82.0,86.0,76.0,82.0,78.0,80.0,76.0,90.0,82.0,90.0,82.0,84.0,82.0,86.0,86.0,84.0,80.0,80.0,96.0,84.0,92.0,76.0,86.0,88.0,90.0,84.0,84.0,90.0,78.0,86.0,86.0,78.0,84.0,90.0,80.0,82.0,84.0,88.0,88.0,82.0,82.0,82.0,80.0,88.0,94.0,88.0,94.0,90.0,80.0,94.0,86.0,98.0,88.0,92.0,90.0,86.0,104.0,84.0,104.0,84.0,94.0,96.0,88.0,96.0,116.0,112.0,102.0,98.0,106.0,114.0,90.0,112.0,108.0,114.0,110.0,120.0,128.0,124.0,126.0,126.0,130.0,138.0,122.0,134.0,142.0,142.0,146.0,154.0,162.0,158.0,158.0,182.0,180.0,182.0,186.0,182.0,194.0,198.0,206.0,208.0,198.0,202.0,198.0,198.0,158.0,160.0,166.0,168.0,166.0,146.0,144.0,140.0,136.0,136.0,122.0,136.0,120.0,124.0,108.0,116.0,108.0,108.0,106.0,106.0,102.0,94.0,98.0,94.0,104.0,98.0,102.0,92.0,104.0,96.0,90.0,96.0,94.0,96.0,86.0,90.0,92.0,90.0,92.0,90.0,78.0,84.0,80.0,86.0,98.0,86.0,96.0,90.0,92.0,88.0,94.0,88.0,80.0,74.0,92.0,88.0,74.0,94.0,82.0,78.0,82.0,86.0,86.0,88.0,74.0,86.0,86.0,76.0,88.0,78.0,78.0,92.0,80.0,88.0,78.0,88.0,82.0,94.0,82.0,82.0,80.0,82.0,86.0,86.0,92.0,82.0,82.0,80.0,88.0,86.0,74.0,82.0,88.0,80.0,80.0,86.0,78.0,88.0,74.0,76.0,86.0,70.0,86.0,78.0,78.0,76.0,84.0,92.0,86.0,94.0,82.0,78.0,92.0,76.0,88.0,90.0,86.0,82.0,76.0,80.0,76.0,82.0,76.0,78.0,94.0,84.0,78.0,80.0,76.0,74.0,76.0,82.0,88.0,86.0,72.0,82.0,76.0,86.0,80.0,84.0,78.0,82.0,80.0,86.0,72.0,76.0,78.0,78.0,80.0,80.0,74.0,82.0,74.0,84.0,72.0,78.0,78.0,82.0,76.0,68.0,78.0,84.0,74.0,82.0,84.0,80.0,72.0,74.0,90.0,84.0,80.0,68.0,74.0,80.0,80.0,86.0,86.0,84.0,84.0,72.0,84.0,72.0,80.0,80.0,90.0,80.0,78.0,80.0,90.0,80.0,82.0,80.0,70.0,74.0,88.0,76.0,80.0,76.0,78.0,88.0,76.0,84.0,84.0,86.0,78.0,78.0,84.0,82.0,72.0,76.0,84.0,84.0,76.0,74.0,86.0,82.0,80.0,80.0,84.0,70.0,82.0,88.0,78.0,78.0,80.0,84.0,76.0,84.0,80.0,86.0,78.0,86.0,74.0,80.0,80.0,76.0,82.0,70.0,84.0,84.0,84.0,84.0,76.0,82.0,80.0,76.0,88.0,76.0,86.0,80.0,80.0,74.0,86.0,90.0,82.0,82.0,84.0,76.0
7.7434650000000005,12.479230000000001,84.0,82.0,82.0,82.0,80.0,84.0,84.0,86.0,70.0,90.0,88.0,94.0,84.0,84.0,78.0,78.0,84.0,90.0,100.0,94.0,102.0,100.0,94.0,94.0,110.0,86.0,98.0,102.0,100.0,88.0,102.0,94.0,104.0,90.0,98.0,92.0,86.0,88.0,92.0,94.0,90.0,98.0,94.0,88.0,94.0,96.0,98.0,94.0,88.0,99.0,110.0,92.0,96.0,100.0,96.0,98.0,92.0,106.0,88.0,102.0,96.0,108.0,96.0,98.0,104.0,98.0,100.0,104.0,94.0,90.0,80.0,98.0,96.0,96.0,108.0,94.0,96.0,106.0,102.0,84.0,96.0,104.0,98.0,108.0,112.0,96.0,110.0,106.0,112.0,116.0,114.0,88.0,98.0,106.0,90.0,88.0,100.0,100.0,100.0,100.0,100.0,102.0,102.0,102.0,92.0,88.0,90.0,94.0,90.0,102.0,94.0,98.0,84.0,86.0,88.0,84.0,96.0,96.0,84.0,92.0,108.0,90.0,88.0,90.0,100.0,92.0,100.0,96.0,90.0,100.0,102.0,102.0,118.0,106.0,102.0,98.0,98.0,98.0,94.0,92.0,100.0,86.0,98.0,108.0,86.0,92.0,96.0,96.0,88.0,102.0,94.0,100.0,90.0,98.0,84.0,98.0,106.0,96.0,98.0,88.0,86.0,90.0,100.0,98.0,86.0,88.0,110.0,90.0,100.0,98.0,102.0,100.0,92.0,100.0,100.0,100.0,90.0,108.0,98.0,100.0,98.0,102.0,108.0,98.0,102.0,102.0,114.0,96.0,110.0,112.0,98.0,104.0,108.0,100.0,108.0,100.0,96.0,98.0,104.0,96.0,100.0,100.0,88.0,88.0,100.0,108.0,92.0,98.0,96.0,98.0,80.0,84.0,102.0,104.0,108.0,92.0,108.0,94.0,108.0,98.0,106.0,108.0,92.0,94.0,92.0,100.0,106.0,106.0,100.0,114.0,92.0,98.0,102.0,102.0,104.0,108.0,96.0,84.0,90.0,110.0,106.0,88.0,112.0,98.0,98.0,94.0,98.0,108.0,114.0,106.0,110.0,98.0,98.0,86.0,102.0,94.0,102.0,100.0,112.0,100.0,112.0,112.0,104.0,102.0,90.0,98.0,92.0,100.0,92.0,100.0,96.0,118.0,88.0,106.0,102.0,102.0,104.0,104.0,90.0,90.0,96.0,100.0,104.0,118.0,104.0,102.0,104.0,104.0,102.0,92.0,100.0,102.0,108.0,102.0,94.0,104.0,94.0,120.0,108.0,102.0,114.0,112.0,100.0,116.0,108.0,100.0,110.0,100.0,100.0,110.0,104.0,102.0,116.0,106.0,114.0,113.0,112.0,108.0,120.0,104.0,110.0,100.0,106.0,114.0,112.0,100.0,102.0,96.0,112.0,102.0,106.0,118.0,118.0,106.0,110.0,98.0,98.0,116.0,122.0,108.0,112.0,100.0,114.0,114.0,108.0,114.0,106.0,104.0,114.0,110.0,110.0,114.0,110.0,114.0,120.0,108.0,116.0,100.0,116.0,120.0,114.0,114.0,114.0,112.0,110.0,100.0,110.0,120.0,120.0,112.0,110.0,120.0,110.0,128.0,108.0,124.0,118.0,118.0,116.0,106.0,112.0,118.0,114.0,110.0,104.0,112.0,122.0,118.0,106.0,118.0,106.0,122.0,116.0,120.0,110.0,102.0,128.0,114.0,114.0,106.0,120.0,114.0,128.0,110.0,122.0,96.0,114.0,134.0,108.0,124.0,116.0,122.0,118.0,132.0,132.0,120.0,130.0,128.0,114.0,122.0,122.0,126.0,120.0,124.0,124.0,130.0,112.0,132.0,138.0,126.0,136.0,128.0,130.0,114.0,118.0,122.0,118.0,120.0,118.0,126.0,122.0,120.0,126.0,122.0,112.0,106.0,118.0,122.0,116.0,122.0,132.0,128.0,118.0,132.0,140.0,124.0,128.0,124.0,134.0,126.0,124.0,132.0,130.0,134.0,132.0,124.0,134.0,120.0,126.0,124.0,138.0,122.0,116.0,122.0,136.0,106.0,126.0,114.0,118.0,118.0,116.0,120.0,120.0,132.0,130.0,122.0,122.0,126.0,144.0,122.0,124.0,122.0,120.0,128.0,114.0,130.0,116.0,128.0,126.0,126.0,124.0,126.0,128.0,136.0,124.0,124.0,124.0,120.0,132.0,120.0,124.0,120.0,128.0,134.0,138.0,122.0,118.0,122.0,126.0,144.0,134.0,122.0,128.0,128.0,124.0,110.0,130.0,120.0,124.0,132.0,114.0,114.0,130.0,122.0,120.0,130.0,126.0,118.0,124.0,130.0,130.0,130.0,104.0,114.0,132.0,122.0,134.0,116.0,126.0,114.0,130.0,124.0,128.0,126.0,114.0,124.0,138.0,110.0,124.0,110.0,130.0,124.0,116.0,120.0,136.0,122.0,116.0,124.0,134.0,132.0,128.0,130.0,126.0,134.0,132.0,128.0,134.0,112.0,124.0,100.0,128.0,130.0,104.0,112.0,144.0,110.0,140.0,110.0,126.0,116.0,116.0,124.0,124.0,118.0,108.0,126.0,124.0,124.0,132.0,132.0,126.0,120.0,116.0,138.0,120.0,132.0,138.0,126.0,128.0,128.0,116.0,138.0,128.0,130.0,126.0,134.0,120.0,136.0,126.0,120.0,130.0,136.0,120.0,134.0,136.0,122.0,120.0,130.0,128.0,114.0,120.0,122.0,134.0,126.0,124.0,118.0,120.0,128.0,128.0,124.0,138.0,128.0,124.0,134.0,128.0,134.0,118.0,144.0,122.0,130.0,110.0,128.0,126.0,138.0,122.0,140.0,122.0,142.0,130.0,132.0,132.0,122.0,122.0,126.0,134.0,136.0,120.0,148.0,130.0,126.0,128.0,124.0,124.0,118.0,130.0,138.0,140.0,128.0,118.0,118.0,130.0
7.7434650000000005,14.03914,138.0,154.0,154.0,140.0,152.0,148.0,140.0,158.0,128.0,128.0,152.0,152.0,142.0,138.0,144.0,142.0,160.0,162.0,154.0,176.0,176.0,168.0,162.0,184.0,182.0,198.0,170.0,182.0,180.0,182.0,180.0,166.0,186.0,168.0,176.0,172.0,172.0,158.0,174.0,170.0,168.0,158.0,162.0,168.0,176.0,178.0,166.0,150.0,174.0,163.0,152.0,184.0,168.0,168.0,168.0,180.0,178.0,188.0,170.0,176.0,180.0,180.0,184.0,180.0,176.0,150.0,164.0,168.0,146.0,162.0,158.0,154.0,170.0,166.0,168.0,186.0,164.0,176.0,166.0,166.0,174.0,170.0,166.0,168.0,170.0,174.0,164.0,184.0,172.0,180.0,162.0,162.0,172.0,176.0,176.0,180.0,176.0,176.0,158.0,168.0,158.0,164.0,160.0,152.0,172.0,176.0,172.0,166.0,170.0,174.0,170.0,154.0,178.0,160.0,172.0,176.0,154.0,176.0,166.0,164.0,182.0,174.0,184.0,190.0,190.0,190.0,188.0,208.0,190.0,184.0,206.0,202.0,230.0,218.0,226.0,208.0,210.0,192.0,182.0,192.0,170.0,178.0,180.0,180.0,176.0,160.0,174.0,162.0,164.0,178.0,182.0,186.0,160.0,178.0,188.0,166.0,168.0,186.0,180.0,172.0,174.0,180.0,158.0,184.0,172.0,170.0,188.0,190.0,192.0,170.0,174.0,172.0,178.0,178.0,180.0,182.0,156.0,160.0,172.0,170.0,180.0,176.0,180.0,170.0,176.0,188.0,170.0,186.0,172.0,178.0,174.0,172.0,166.0,196.0,192.0,196.0,174.0,182.0,194.0,190.0,162.0,182.0,186.0,196.0,174.0,192.0,178.0,186.0,160.0,176.0,178.0,170.0,184.0,178.0,174.0,202.0,192.0,182.0,166.0,190.0,184.0,194.0,188.0,186.0,190.0,180.0,184.0,182.0,200.0,192.0,178.0,188.0,184.0,178.0,154.0,190.0,166.0,182.0,180.0,180.0,182.0,190.0,170.0,196.0,188.0,184.0,194.0,176.0,184.0,196.0,196.0,166.0,194.0,180.0,184.0,190.0,192.0,192.0,190.0,160.0,194.0,192.0,200.0,184.0,186.0,186.0,190.0,172.0,188.0,180.0,180.0,180.0,186.0,200.0,194.0,192.0,210.0,194.0,188.0,192.0,178.0,178.0,194.0,186.0,198.0,202.0,186.0,204.0,194.0,188.0,202.0,182.0,170.0,196.0,214.0,200.0,198.0,182.0,194.0,196.0,214.0,202.0,192.0,208.0,204.0,198.0,200.0,206.0,200.0,206.0,194.0,200.0,184.0,206.0,194.0,195.0,196.0,210.0,210.0,190.0,200.0,222.0,198.0,202.0,210.0,192.0,212.0,210.0,220.0,214.0,218.0,186.0,204.0,188.0,216.0,188.0,220.0,200.0,206.0,214.0,210.0,198.0,198.0,190.0,210.0,214.0,186.0,222.0,186.0,216.0,214.0,212.0,204.0,200.0,204.0,212.0,210.0,236.0,212.0,198.0,202.0,216.0,212.0,214.0,202.0,224.0,206.0,214.0,200.0,218.0,218.0,208.0,214.0,206.0,222.0,206.0,214.0,220.0,216.0,194.0,210.0,210.0,212.0,214.0,208.0,212.0,208.0,232.0,210.0,204.0,206.0,206.0,194.0,204.0,196.0,206.0,206.0,206.0,232.0,222.0,218.0,220.0,200.0,206.0,208.0,216.0,200.0,212.0,224.0,200.0,202.0,212.0,210.0,208.0,216.0,232.0,208.0,224.0,204.0,216.0,210.0,212.0,190.0,238.0,224.0,222.0,226.0,208.0,224.0,224.0,228.0,206.0,224.0,232.0,226.0,232.0,214.0,220.0,212.0,228.0,220.0,220.0,208.0,212.0,218.0,208.0,216.0,228.0,238.0,214.0,204.0,220.0,206.0,232.0,234.0,246.0,240.0,212.0,206.0,210.0,204.0,220.0,216.0,248.0,240.0,230.0,224.0,214.0,222.0,224.0,226.0,214.0,212.0,216.0,230.0,228.0,216.0,208.0,202.0,218.0,216.0,230.0,234.0,208.0,230.0,210.0,230.0,230.0,220.0,222.0,238.0,220.0,238.0,238.0,232.0,230.0,234.0,226.0,228.0,248.0,238.0,244.0,204.0,234.0,222.0,242.0,216.0,236.0,240.0,224.0,224.0,238.0,218.0,252.0,248.0,240.0,216.0,236.0,216.0,238.0,230.0,224.0,228.0,224.0,232.0,224.0,230.0,244.0,236.0,240.0,240.0,248.0,220.0,212.0,224.0,232.0,230.0,234.0,226.0,212.0,222.0,226.0,220.0,234.0,226.0,222.0,230.0,222.0,228.0,234.0,230.0,242.0,238.0,230.0,228.0,238.0,224.0,228.0,230.0,250.0,230.0,222.0,238.0,226.0,220.0,246.0,218.0,210.0,240.0,228.0,240.0,228.0,240.0,226.0,244.0,252.0,240.0,230.0,242.0,238.0,226.0,240.0,234.0,228.0,254.0,246.0,254.0,222.0,228.0,280.0,228.0,228.0,260.0,232.0,248.0,246.0,238.0,244.0,240.0,230.0,240.0,238.0,228.0,238.0,232.0,238.0,228.0,230.0,220.0,222.0,240.0,218.0,236.0,234.0,246.0,248.0,240.0,236.0,220.0,242.0,236.0,224.0,230.0,218.0,230.0,242.0,250.0,242.0,222.0,246.0,246.0,236.0,240.0,240.0,244.0,252.0,246.0,226.0,240.0,234.0,236.0,226.0,224.0,222.0,246.0,250.0,238.0,264.0,260.0,236.0,250.0,250.0,230.0,242.0,242.0,250.0,244.0,266.0,270.0,230.0,240.0,224.0,242.0,222.0,236.0,238.0,244.0,252.0,234.0,230.0,238.0,236.0,238.0,246.0,232.0,244.0,254.0,266.0,242.0,262.0,236.0
9.29216,0.0,142.0,128.0,126.0,138.0,134.0,132.0,134.0,130.0,148.0,152.0,138.0,142.0,124.0,130.0,148.0,144.0,144.0,148.0,164.0,152.0,160.0,164.0,162.0,162.0,154.0,170.0,162.0,176.0,146.0,162.0,156.0,166.0,166.0,184.0,154.0,154.0,158.0,158.0,154.0,158.0,154.0,146.0,148.0,150.0,150.0,152.0,140.0,140.0,154.0,151.0,148.0,154.0,146.0,166.0,168.0,164.0,148.0,166.0,168.0,174.0,168.0,174.0,160.0,146.0,154.0,164.0,146.0,146.0,142.0,140.0,152.0,138.0,158.0,144.0,164.0,154.0,146.0,144.0,142.0,146.0,146.0,154.0,150.0,156.0,156.0,144.0,148.0,164.0,156.0,158.0,170.0,170.0,154.0,136.0,148.0,152.0,156.0,130.0,140.0,158.0,160.0,146.0,146.0,142.0,146.0,144.0,126.0,142.0,144.0,146.0,132.0,150.0,146.0,148.0,156.0,136.0,144.0,150.0,146.0,154.0,156.0,166.0,142.0,144.0,156.0,166.0,142.0,154.0,148.0,182.0,158.0,178.0,192.0,186.0,206.0,170.0,158.0,152.0,144.0,142.0,152.0,140.0,134.0,140.0,140.0,130.0,146.0,142.0,136.0,144.0,146.0,154.0,150.0,138.0,166.0,140.0,152.0,152.0,150.0,136.0,142.0,130.0,140.0,140.0,140.0,130.0,142.0,146.0,140.0,136.0,132.0,142.0,126.0,134.0,142.0,142.0,156.0,138.0,148.0,132.0,140.0,142.0,150.0,138.0,146.0,152.0,148.0,144.0,150.0,146.0,126.0,158.0,144.0,146.0,148.0,134.0,150.0,128.0,140.0,152.0,152.0,144.0,160.0,138.0,146.0,142.0,134.0,154.0,144.0,136.0,140.0,150.0,144.0,132.0,148.0,152.0,140.0,144.0,142.0,152.0,144.0,138.0,146.0,152.0,148.0,158.0,158.0,138.0,158.0,148.0,148.0,144.0,156.0,154.0,144.0,138.0,154.0,156.0,148.0,146.0,138.0,160.0,148.0,152.0,142.0,144.0,144.0,144.0,144.0,164.0,152.0,148.0,150.0,132.0,144.0,144.0,148.0,140.0,150.0,154.0,138.0,152.0,156.0,146.0,150.0,146.0,158.0,144.0,150.0,148.0,154.0,148.0,176.0,138.0,152.0,144.0,164.0,150.0,138.0,152.0,146.0,148.0,150.0,162.0,152.0,156.0,154.0,156.0,160.0,142.0,166.0,154.0,160.0,166.0,154.0,158.0,160.0,176.0,168.0,170.0,148.0,164.0,166.0,154.0,160.0,162.0,150.0,174.0,160.0,152.0,162.0,164.0,166.0,164.0,176.0,180.0,184.0,162.0,160.0,142.0,168.0,180.0,152.0,156.0,168.0,178.0,158.0,176.0,150.0,156.0,160.0,156.0,172.0,164.0,168.0,162.0,160.0,170.0,162.0,172.0,164.0,152.0,166.0,160.0,158.0,156.0,144.0,150.0,166.0,172.0,164.0,162.0,154.0,166.0,158.0,174.0,170.0,180.0,164.0,156.0,156.0,162.0,178.0,174.0,170.0,160.0,168.0,154.0,174.0,156.0,158.0,144.0,168.0,174.0,160.0,172.0,164.0,170.0,156.0,174.0,174.0,168.0,170.0,170.0,160.0,188.0,178.0,158.0,170.0,154.0,188.0,188.0,162.0,168.0,158.0,174.0,152.0,162.0,166.0,174.0,172.0,174.0,170.0,184.0,172.0,164.0,160.0,168.0,164.0,166.0,182.0,158.0,166.0,184.0,182.0,182.0,172.0,182.0,188.0,178.0,172.0,164.0,162.0,162.0,160.0,180.0,168.0,174.0,178.0,186.0,154.0,170.0,182.0,166.0,158.0,160.0,176.0,170.0,178.0,158.0,172.0,166.0,178.0,178.0,180.0,164.0,166.0,178.0,168.0,188.0,172.0,166.0,180.0,178.0,180.0,188.0,182.0,168.0,178.0,188.0,182.0,174.0,186.0,178.0,164.0,174.0,178.0,186.0,186.0,184.0,186.0,178.0,178.0,184.0,178.0,184.0,180.0,176.0,174.0,170.0,176.0,176.0,180.0,158.0,178.0,182.0,174.0,170.0,190.0,182.0,194.0,172.0,154.0,182.0,190.0,166.0,166.0,174.0,156.0,174.0,174.0,178.0,172.0,178.0,194.0,196.0,198.0,196.0,190.0,196.0,182.0,188.0,172.0,164.0,188.0,208.0,178.0,192.0,184.0,172.0,166.0,188.0,182.0,172.0,186.0,184.0,178.0,180.0,160.0,170.0,170.0,198.0,200.0,190.0,162.0,194.0,176.0,180.0,174.0,180.0,188.0,176.0,164.0,186.0,184.0,180.0,182.0,200.0,186.0,190.0,194.0,176.0,176.0,188.0,176.0,188.0,192.0,174.0,176.0,180.0,194.0,180.0,180.0,184.0,196.0,178.0,180.0,172.0,180.0,176.0,182.0,202.0,194.0,190.0,188.0,214.0,176.0,182.0,184.0,204.0,190.0,192.0,192.0,180.0,180.0,188.0,174.0,190.0,180.0,182.0,190.0,196.0,196.0,190.0,190.0,178.0,188.0,186.0,186.0,192.0,198.0,188.0,196.0,198.0,180.0,198.0,212.0,192.0,190.0,198.0,180.0,188.0,190.0,184.0,180.0,188.0,192.0,192.0,184.0,196.0,172.0,180.0,174.0,206.0,192.0,202.0,186.0,184.0,180.0,176.0,190.0,188.0,198.0,202.0,194.0,176.0,190.0,208.0,184.0,196.0,186.0,196.0,172.0,180.0,192.0,202.0,202.0,194.0,200.0,174.0,212.0,184.0,188.0,182.0,198.0,188.0,206.0,180.0,188.0,188.0,206.0,174.0,184.0,198.0,192.0,168.0,178.0,208.0,196.0,182.0,200.0,204.0,200.0,198.0,196.0,206.0,206.0,206.0,174.0,186.0,180.0
9.29216,1.5599100000000004,138.0,134.0,130.0,130.0,128.0,132.0,142.0,134.0,130.0,142.0,134.0,128.0,120.0,132.0,126.0,126.0,152.0,156.0,154.0,140.0,148.0,144.0,154.0,152.0,148.0,164.0,150.0,154.0,170.0,154.0,154.0,166.0,172.0,160.0,152.0,150.0,152.0,142.0,164.0,150.0,134.0,144.0,126.0,146.0,142.0,148.0,154.0,160.0,154.0,163.0,172.0,148.0,146.0,158.0,146.0,152.0,166.0,150.0,162.0,176.0,150.0,166.0,158.0,146.0,138.0,154.0,136.0,140.0,150.0,156.0,146.0,136.0,148.0,144.0,150.0,148.0,156.0,140.0,140.0,150.0,138.0,146.0,144.0,140.0,146.0,158.0,138.0,138.0,152.0,150.0,144.0,132.0,156.0,146.0,142.0,128.0,140.0,142.0,142.0,128.0,144.0,132.0,146.0,142.0,134.0,134.0,144.0,126.0,140.0,130.0,132.0,142.0,132.0,142.0,130.0,124.0,136.0,126.0,144.0,132.0,148.0,144.0,158.0,144.0,162.0,148.0,148.0,144.0,144.0,142.0,156.0,162.0,172.0,186.0,182.0,174.0,162.0,158.0,138.0,140.0,136.0,150.0,128.0,126.0,132.0,120.0,106.0,120.0,136.0,136.0,124.0,116.0,130.0,144.0,132.0,142.0,120.0,124.0,140.0,116.0,132.0,130.0,130.0,130.0,124.0,130.0,126.0,138.0,124.0,130.0,126.0,114.0,142.0,138.0,142.0,122.0,128.0,122.0,136.0,144.0,132.0,124.0,124.0,134.0,134.0,128.0,136.0,134.0,132.0,126.0,126.0,130.0,126.0,132.0,144.0,110.0,146.0,128.0,120.0,132.0,144.0,128.0,118.0,126.0,126.0,124.0,128.0,116.0,130.0,134.0,124.0,116.0,142.0,130.0,130.0,120.0,144.0,136.0,132.0,116.0,134.0,136.0,136.0,128.0,126.0,136.0,138.0,142.0,136.0,136.0,124.0,126.0,128.0,122.0,132.0,124.0,116.0,128.0,122.0,112.0,128.0,136.0,122.0,122.0,142.0,122.0,104.0,128.0,126.0,130.0,122.0,138.0,140.0,130.0,134.0,126.0,144.0,134.0,116.0,126.0,128.0,122.0,132.0,130.0,120.0,120.0,122.0,132.0,124.0,142.0,128.0,136.0,134.0,146.0,124.0,134.0,134.0,138.0,124.0,124.0,140.0,126.0,144.0,118.0,136.0,132.0,130.0,130.0,128.0,134.0,130.0,132.0,134.0,134.0,136.0,126.0,136.0,136.0,142.0,144.0,132.0,142.0,140.0,144.0,136.0,146.0,134.0,140.0,138.0,142.0,140.0,140.0,136.0,148.0,132.0,143.0,152.0,158.0,142.0,140.0,134.0,142.0,136.0,132.0,138.0,142.0,134.0,140.0,146.0,138.0,130.0,146.0,162.0,128.0,140.0,152.0,146.0,128.0,130.0,132.0,138.0,142.0,146.0,140.0,142.0,130.0,148.0,132.0,130.0,132.0,144.0,154.0,140.0,154.0,148.0,150.0,156.0,128.0,140.0,138.0,154.0,140.0,148.0,150.0,142.0,150.0,152.0,150.0,150.0,142.0,150.0,138.0,148.0,138.0,148.0,152.0,136.0,154.0,140.0,158.0,156.0,144.0,150.0,132.0,154.0,144.0,148.0,128.0,144.0,148.0,142.0,142.0,142.0,142.0,148.0,156.0,126.0,148.0,152.0,152.0,152.0,144.0,154.0,136.0,154.0,154.0,152.0,152.0,148.0,138.0,144.0,142.0,140.0,138.0,138.0,150.0,156.0,148.0,156.0,156.0,154.0,144.0,158.0,148.0,152.0,138.0,166.0,150.0,162.0,164.0,170.0,150.0,148.0,136.0,140.0,148.0,150.0,158.0,152.0,154.0,152.0,154.0,160.0,164.0,162.0,156.0,144.0,158.0,158.0,138.0,152.0,160.0,158.0,154.0,146.0,160.0,152.0,146.0,168.0,164.0,164.0,154.0,160.0,156.0,172.0,158.0,144.0,170.0,166.0,154.0,150.0,152.0,158.0,152.0,156.0,172.0,144.0,160.0,174.0,172.0,154.0,158.0,176.0,146.0,156.0,150.0,158.0,174.0,156.0,158.0,158.0,162.0,168.0,156.0,154.0,172.0,154.0,146.0,152.0,164.0,162.0,160.0,146.0,160.0,164.0,144.0,164.0,150.0,152.0,152.0,162.0,180.0,174.0,172.0,170.0,160.0,178.0,170.0,164.0,164.0,172.0,182.0,174.0,150.0,170.0,180.0,172.0,170.0,176.0,156.0,166.0,168.0,164.0,164.0,190.0,160.0,166.0,170.0,184.0,178.0,170.0,158.0,174.0,174.0,184.0,150.0,166.0,158.0,178.0,160.0,160.0,188.0,146.0,174.0,172.0,160.0,186.0,152.0,172.0,168.0,162.0,166.0,152.0,172.0,168.0,164.0,164.0,162.0,176.0,170.0,170.0,168.0,166.0,172.0,152.0,180.0,154.0,160.0,158.0,162.0,178.0,166.0,182.0,164.0,162.0,164.0,166.0,182.0,156.0,186.0,170.0,172.0,164.0,168.0,166.0,162.0,168.0,176.0,182.0,176.0,190.0,176.0,182.0,166.0,170.0,178.0,164.0,184.0,178.0,158.0,190.0,184.0,162.0,172.0,178.0,170.0,192.0,168.0,162.0,184.0,178.0,150.0,180.0,166.0,170.0,170.0,184.0,164.0,158.0,174.0,186.0,170.0,192.0,182.0,178.0,196.0,172.0,178.0,186.0,172.0,170.0,168.0,172.0,176.0,178.0,168.0,166.0,178.0,202.0,178.0,182.0,178.0,192.0,194.0,166.0,180.0,184.0,172.0,182.0,188.0,166.0,178.0,184.0,166.0,170.0,174.0,196.0,176.0,182.0,176.0,182.0,160.0,196.0,162.0,176.0,180.0,172.0,186.0,158.0,188.0,188.0
9.29216,3.11981,122.0,106.0,112.0,102.0,100.0,100.0,110.0,120.0,102.0,114.0,112.0,104.0,96.0,108.0,116.0,124.0,120.0,132.0,124.0,138.0,136.0,110.0,130.0,128.0,132.0,136.0,136.0,144.0,132.0,122.0,132.0,134.0,128.0,144.0,138.0,130.0,128.0,138.0,128.0,134.0,126.0,130.0,128.0,126.0,120.0,116.0,128.0,126.0,126.0,134.0,142.0,138.0,120.0,132.0,138.0,128.0,126.0,138.0,130.0,140.0,136.0,128.0,122.0,132.0,116.0,124.0,132.0,122.0,134.0,122.0,124.0,120.0,122.0,110.0,128.0,126.0,106.0,120.0,112.0,126.0,118.0,132.0,128.0,120.0,120.0,124.0,130.0,124.0,118.0,120.0,124.0,132.0,134.0,134.0,138.0,112.0,130.0,114.0,126.0,126.0,110.0,128.0,104.0,108.0,114.0,122.0,118.0,128.0,120.0,128.0,114.0,114.0,118.0,106.0,110.0,98.0,122.0,124.0,122.0,106.0,132.0,120.0,132.0,122.0,126.0,118.0,132.0,140.0,112.0,126.0,130.0,138.0,126.0,148.0,154.0,120.0,138.0,130.0,116.0,116.0,108.0,106.0,116.0,116.0,112.0,112.0,100.0,112.0,120.0,118.0,108.0,100.0,104.0,110.0,122.0,118.0,108.0,108.0,112.0,118.0,98.0,104.0,120.0,116.0,114.0,104.0,104.0,120.0,106.0,118.0,110.0,112.0,124.0,92.0,108.0,118.0,106.0,100.0,114.0,114.0,116.0,110.0,112.0,106.0,104.0,116.0,116.0,124.0,106.0,104.0,100.0,104.0,114.0,106.0,120.0,120.0,110.0,96.0,122.0,106.0,126.0,108.0,112.0,114.0,96.0,112.0,98.0,116.0,112.0,100.0,110.0,104.0,110.0,126.0,108.0,106.0,108.0,110.0,114.0,122.0,114.0,120.0,108.0,110.0,114.0,120.0,122.0,112.0,132.0,120.0,126.0,108.0,130.0,106.0,118.0,122.0,104.0,118.0,116.0,108.0,118.0,104.0,108.0,114.0,114.0,110.0,112.0,132.0,122.0,124.0,112.0,114.0,104.0,128.0,106.0,134.0,110.0,106.0,132.0,118.0,102.0,112.0,108.0,118.0,114.0,120.0,98.0,114.0,110.0,112.0,110.0,100.0,108.0,114.0,114.0,100.0,126.0,114.0,112.0,120.0,110.0,116.0,120.0,120.0,116.0,124.0,114.0,120.0,100.0,136.0,118.0,118.0,120.0,118.0,120.0,124.0,122.0,118.0,132.0,126.0,124.0,122.0,114.0,136.0,128.0,116.0,132.0,128.0,116.0,126.0,136.0,112.0,122.0,112.0,114.0,110.0,106.0,116.0,116.0,140.0,108.0,128.0,134.0,122.0,124.0,122.0,126.0,126.0,132.0,118.0,106.0,118.0,134.0,122.0,128.0,134.0,110.0,126.0,132.0,126.0,110.0,134.0,124.0,118.0,112.0,126.0,112.0,136.0,126.0,128.0,132.0,118.0,130.0,140.0,122.0,122.0,128.0,130.0,134.0,128.0,134.0,140.0,116.0,122.0,132.0,134.0,134.0,116.0,122.0,142.0,132.0,134.0,128.0,138.0,138.0,126.0,128.0,122.0,132.0,116.0,120.0,124.0,142.0,130.0,116.0,138.0,134.0,124.0,120.0,124.0,112.0,136.0,114.0,118.0,122.0,126.0,130.0,120.0,128.0,122.0,134.0,130.0,146.0,140.0,126.0,136.0,136.0,140.0,150.0,134.0,116.0,128.0,126.0,134.0,134.0,140.0,144.0,132.0,130.0,140.0,142.0,132.0,134.0,114.0,142.0,132.0,134.0,128.0,136.0,132.0,132.0,138.0,138.0,132.0,132.0,132.0,134.0,142.0,136.0,142.0,138.0,140.0,154.0,138.0,150.0,128.0,144.0,144.0,134.0,132.0,136.0,144.0,120.0,126.0,138.0,150.0,122.0,130.0,142.0,124.0,146.0,134.0,158.0,126.0,158.0,134.0,152.0,148.0,138.0,134.0,128.0,146.0,142.0,130.0,146.0,144.0,142.0,154.0,138.0,142.0,138.0,130.0,126.0,124.0,138.0,152.0,124.0,138.0,150.0,142.0,130.0,138.0,148.0,150.0,144.0,140.0,146.0,134.0,146.0,146.0,122.0,144.0,132.0,150.0,154.0,138.0,138.0,162.0,132.0,146.0,144.0,156.0,144.0,128.0,136.0,144.0,140.0,148.0,146.0,152.0,138.0,148.0,152.0,158.0,132.0,152.0,152.0,138.0,148.0,154.0,138.0,152.0,146.0,148.0,150.0,148.0,156.0,136.0,140.0,128.0,124.0,134.0,132.0,144.0,142.0,130.0,144.0,152.0,138.0,154.0,146.0,134.0,140.0,142.0,146.0,144.0,150.0,140.0,128.0,146.0,148.0,144.0,138.0,150.0,144.0,130.0,136.0,136.0,134.0,158.0,140.0,150.0,142.0,152.0,134.0,140.0,142.0,144.0,162.0,146.0,146.0,146.0,162.0,128.0,148.0,142.0,130.0,136.0,134.0,152.0,142.0,128.0,156.0,118.0,144.0,154.0,154.0,148.0,140.0,140.0,140.0,150.0,142.0,148.0,130.0,138.0,142.0,148.0,142.0,156.0,124.0,122.0,138.0,142.0,130.0,158.0,128.0,162.0,148.0,140.0,138.0,150.0,154.0,146.0,154.0,142.0,156.0,162.0,150.0,150.0,140.0,134.0,148.0,134.0,156.0,134.0,164.0,160.0,148.0,158.0,150.0,138.0,152.0,154.0,144.0,136.0,162.0,144.0,160.0,154.0,166.0,160.0,156.0,146.0,150.0,132.0,156.0,154.0,152.0,154.0,140.0,140.0,158.0,144.0,142.0,134.0,152.0,150.0,150.0,136.0,148.0,142.0,160.0,132.0,146.0,148.0,156.0,144.0,134.0,144.0,144.0
9.29216,4.6797200000000005,106.0,100.0,106.0,106.0,116.0,92.0,104.0,112.0,96.0,104.0,98.0,100.0,106.0,114.0,104.0,106.0,102.0,118.0,122.0,124.0,112.0,112.0,120.0,122.0,134.0,122.0,114.0,118.0,124.0,116.0,118.0,116.0,110.0,102.0,112.0,112.0,108.0,118.0,120.0,114.0,114.0,102.0,112.0,112.0,108.0,120.0,112.0,128.0,120.0,121.0,122.0,128.0,124.0,112.0,108.0,128.0,112.0,126.0,116.0,120.0,114.0,128.0,116.0,112.0,134.0,112.0,120.0,124.0,116.0,112.0,120.0,116.0,120.0,124.0,110.0,128.0,112.0,118.0,132.0,112.0,114.0,126.0,132.0,116.0,118.0,118.0,130.0,106.0,118.0,126.0,120.0,124.0,126.0,120.0,122.0,114.0,110.0,126.0,112.0,112.0,116.0,122.0,112.0,110.0,102.0,114.0,118.0,110.0,110.0,116.0,120.0,110.0,106.0,118.0,104.0,102.0,98.0,106.0,104.0,112.0,104.0,114.0,116.0,110.0,104.0,106.0,106.0,122.0,120.0,108.0,110.0,126.0,116.0,116.0,116.0,124.0,118.0,114.0,118.0,108.0,94.0,96.0,94.0,120.0,124.0,108.0,96.0,114.0,110.0,110.0,126.0,114.0,114.0,112.0,110.0,116.0,106.0,110.0,110.0,102.0,102.0,108.0,118.0,108.0,104.0,104.0,118.0,100.0,116.0,112.0,116.0,106.0,94.0,108.0,102.0,118.0,116.0,118.0,110.0,104.0,106.0,122.0,110.0,114.0,114.0,106.0,122.0,118.0,104.0,120.0,112.0,112.0,120.0,104.0,98.0,126.0,116.0,104.0,100.0,94.0,90.0,100.0,108.0,126.0,112.0,108.0,110.0,110.0,106.0,108.0,100.0,116.0,82.0,102.0,108.0,102.0,106.0,102.0,110.0,94.0,104.0,106.0,104.0,110.0,112.0,116.0,108.0,112.0,110.0,98.0,112.0,110.0,128.0,114.0,110.0,102.0,100.0,108.0,110.0,118.0,118.0,100.0,120.0,112.0,118.0,110.0,110.0,110.0,106.0,108.0,110.0,110.0,108.0,116.0,108.0,118.0,118.0,112.0,106.0,116.0,104.0,106.0,114.0,110.0,106.0,124.0,112.0,102.0,112.0,112.0,126.0,118.0,106.0,102.0,116.0,106.0,102.0,120.0,120.0,114.0,106.0,116.0,114.0,94.0,118.0,116.0,120.0,106.0,122.0,114.0,110.0,106.0,118.0,108.0,114.0,120.0,102.0,122.0,118.0,110.0,116.0,134.0,116.0,108.0,118.0,108.0,122.0,114.0,116.0,116.0,118.0,118.0,108.0,110.0,120.0,118.0,116.0,118.0,104.0,120.0,122.0,118.0,112.0,108.0,122.0,136.0,122.0,110.0,120.0,120.0,116.0,116.0,126.0,112.0,114.0,130.0,126.0,120.0,118.0,126.0,124.0,128.0,112.0,114.0,116.0,120.0,112.0,130.0,126.0,118.0,122.0,116.0,122.0,132.0,128.0,118.0,120.0,128.0,124.0,128.0,132.0,120.0,130.0,128.0,128.0,118.0,110.0,134.0,116.0,124.0,112.0,122.0,128.0,136.0,122.0,122.0,120.0,130.0,118.0,112.0,138.0,120.0,124.0,120.0,122.0,126.0,128.0,138.0,124.0,134.0,118.0,126.0,126.0,132.0,130.0,140.0,130.0,126.0,122.0,114.0,126.0,126.0,122.0,148.0,134.0,136.0,112.0,126.0,120.0,138.0,130.0,128.0,134.0,136.0,124.0,124.0,134.0,146.0,136.0,134.0,138.0,134.0,136.0,124.0,132.0,126.0,136.0,130.0,138.0,144.0,150.0,154.0,144.0,142.0,134.0,138.0,132.0,136.0,120.0,136.0,130.0,124.0,140.0,138.0,128.0,132.0,124.0,136.0,134.0,126.0,128.0,130.0,138.0,126.0,140.0,126.0,152.0,140.0,148.0,126.0,138.0,134.0,138.0,128.0,130.0,138.0,154.0,128.0,138.0,138.0,142.0,144.0,158.0,134.0,138.0,150.0,132.0,134.0,132.0,136.0,134.0,126.0,132.0,144.0,140.0,142.0,144.0,144.0,132.0,130.0,130.0,138.0,122.0,142.0,146.0,154.0,146.0,144.0,140.0,142.0,138.0,140.0,140.0,138.0,160.0,138.0,136.0,150.0,150.0,128.0,140.0,140.0,142.0,138.0,146.0,158.0,140.0,152.0,150.0,152.0,144.0,152.0,148.0,138.0,138.0,134.0,156.0,132.0,142.0,146.0,154.0,146.0,142.0,152.0,144.0,138.0,156.0,154.0,154.0,148.0,136.0,158.0,146.0,156.0,120.0,154.0,130.0,156.0,142.0,140.0,146.0,138.0,144.0,134.0,152.0,146.0,142.0,156.0,142.0,136.0,142.0,134.0,146.0,152.0,134.0,146.0,146.0,138.0,140.0,142.0,148.0,142.0,134.0,132.0,150.0,150.0,144.0,156.0,140.0,148.0,134.0,156.0,146.0,144.0,158.0,146.0,148.0,148.0,142.0,150.0,160.0,154.0,158.0,146.0,158.0,150.0,134.0,146.0,150.0,146.0,138.0,156.0,152.0,158.0,146.0,166.0,162.0,152.0,156.0,128.0,130.0,144.0,148.0,152.0,144.0,140.0,138.0,142.0,148.0,142.0,132.0,148.0,144.0,144.0,142.0,152.0,144.0,152.0,140.0,156.0,142.0,154.0,152.0,158.0,146.0,162.0,148.0,156.0,148.0,158.0,160.0,146.0,156.0,152.0,136.0,148.0,156.0,160.0,166.0,158.0,136.0,142.0,156.0,142.0,148.0,152.0,146.0,138.0,132.0,148.0,154.0,162.0,156.0,156.0,160.0,150.0,160.0,152.0,140.0,142.0,142.0,166.0,152.0,148.0,164.0,154.0,150.0,146.0,150.0,148.0,152.0
9.29216,6.23962,102.0,96.0,102.0,90.0,90.0,102.0,102.0,94.0,96.0,82.0,100.0,100.0,94.0,90.0,90.0,96.0,96.0,116.0,94.0,106.0,102.0,106.0,112.0,104.0,102.0,102.0,102.0,114.0,110.0,108.0,100.0,106.0,100.0,98.0,102.0,106.0,104.0,104.0,116.0,102.0,108.0,116.0,108.0,98.0,104.0,120.0,100.0,114.0,106.0,105.0,104.0,106.0,106.0,104.0,94.0,114.0,116.0,102.0,104.0,118.0,98.0,116.0,102.0,118.0,112.0,118.0,116.0,104.0,112.0,104.0,110.0,106.0,122.0,112.0,110.0,118.0,110.0,110.0,98.0,118.0,110.0,114.0,118.0,112.0,96.0,112.0,106.0,116.0,110.0,102.0,120.0,112.0,112.0,94.0,104.0,98.0,106.0,100.0,108.0,112.0,112.0,98.0,116.0,90.0,104.0,96.0,100.0,92.0,96.0,92.0,102.0,96.0,104.0,92.0,98.0,110.0,108.0,102.0,102.0,108.0,104.0,90.0,94.0,96.0,114.0,102.0,92.0,86.0,100.0,90.0,120.0,98.0,106.0,102.0,106.0,106.0,100.0,102.0,110.0,108.0,88.0,96.0,106.0,112.0,94.0,102.0,110.0,104.0,98.0,112.0,96.0,102.0,100.0,102.0,118.0,108.0,100.0,104.0,96.0,108.0,108.0,108.0,102.0,112.0,104.0,96.0,114.0,106.0,96.0,114.0,114.0,96.0,106.0,110.0,102.0,110.0,110.0,116.0,104.0,104.0,106.0,106.0,104.0,120.0,118.0,104.0,114.0,116.0,94.0,102.0,104.0,106.0,120.0,110.0,98.0,104.0,102.0,100.0,108.0,100.0,106.0,108.0,112.0,102.0,100.0,108.0,102.0,114.0,100.0,108.0,112.0,104.0,106.0,102.0,120.0,120.0,110.0,112.0,98.0,116.0,104.0,96.0,110.0,110.0,120.0,100.0,106.0,108.0,106.0,96.0,112.0,106.0,104.0,100.0,108.0,106.0,108.0,106.0,104.0,110.0,114.0,112.0,112.0,102.0,108.0,120.0,104.0,108.0,112.0,108.0,118.0,100.0,114.0,126.0,112.0,110.0,120.0,120.0,98.0,102.0,108.0,106.0,118.0,116.0,116.0,118.0,100.0,110.0,116.0,110.0,106.0,112.0,118.0,116.0,108.0,108.0,118.0,114.0,116.0,104.0,112.0,120.0,112.0,118.0,108.0,108.0,110.0,112.0,118.0,134.0,112.0,108.0,120.0,118.0,88.0,114.0,112.0,108.0,132.0,122.0,104.0,122.0,128.0,124.0,134.0,122.0,116.0,124.0,116.0,112.0,98.0,104.0,124.0,122.0,112.0,117.0,122.0,126.0,114.0,118.0,110.0,120.0,128.0,124.0,130.0,122.0,122.0,132.0,120.0,116.0,136.0,112.0,120.0,108.0,116.0,110.0,108.0,110.0,124.0,116.0,114.0,120.0,132.0,126.0,134.0,132.0,134.0,134.0,132.0,116.0,124.0,120.0,136.0,150.0,116.0,130.0,122.0,122.0,126.0,128.0,126.0,138.0,124.0,130.0,132.0,112.0,114.0,122.0,130.0,128.0,124.0,128.0,132.0,120.0,130.0,122.0,136.0,114.0,132.0,130.0,118.0,128.0,120.0,124.0,126.0,132.0,132.0,132.0,126.0,130.0,116.0,136.0,124.0,122.0,128.0,136.0,132.0,142.0,136.0,132.0,144.0,138.0,128.0,130.0,144.0,132.0,126.0,140.0,154.0,142.0,120.0,144.0,138.0,130.0,142.0,138.0,140.0,138.0,136.0,138.0,146.0,124.0,132.0,126.0,146.0,126.0,132.0,146.0,140.0,126.0,132.0,126.0,128.0,134.0,118.0,138.0,136.0,140.0,124.0,134.0,120.0,130.0,130.0,124.0,134.0,126.0,156.0,150.0,140.0,140.0,130.0,148.0,138.0,140.0,132.0,140.0,138.0,156.0,128.0,146.0,134.0,138.0,142.0,134.0,142.0,132.0,140.0,140.0,146.0,134.0,142.0,152.0,132.0,142.0,132.0,136.0,142.0,134.0,136.0,136.0,138.0,130.0,136.0,140.0,154.0,142.0,138.0,142.0,136.0,134.0,148.0,128.0,148.0,144.0,158.0,156.0,150.0,140.0,134.0,142.0,148.0,138.0,148.0,148.0,134.0,148.0,144.0,144.0,148.0,134.0,152.0,138.0,150.0,156.0,150.0,146.0,162.0,142.0,144.0,138.0,156.0,160.0,142.0,148.0,142.0,168.0,158.0,130.0,134.0,146.0,138.0,138.0,140.0,136.0,136.0,156.0,140.0,138.0,146.0,146.0,142.0,142.0,144.0,148.0,148.0,142.0,132.0,144.0,144.0,148.0,148.0,142.0,132.0,140.0,130.0,152.0,134.0,150.0,146.0,132.0,142.0,128.0,136.0,134.0,132.0,140.0,146.0,150.0,142.0,158.0,132.0,162.0,150.0,140.0,140.0,160.0,138.0,162.0,140.0,160.0,152.0,152.0,128.0,136.0,160.0,142.0,146.0,148.0,136.0,140.0,148.0,156.0,154.0,166.0,146.0,144.0,140.0,134.0,136.0,150.0,150.0,162.0,158.0,146.0,156.0,138.0,140.0,148.0,172.0,140.0,138.0,150.0,152.0,154.0,148.0,154.0,158.0,146.0,146.0,160.0,142.0,130.0,158.0,152.0,138.0,138.0,150.0,146.0,134.0,138.0,140.0,148.0,136.0,150.0,160.0,154.0,134.0,154.0,150.0,158.0,142.0,160.0,152.0,148.0,152.0,142.0,144.0,146.0,146.0,160.0,152.0,144.0,156.0,150.0,148.0,158.0,148.0,138.0,142.0,150.0,156.0,144.0,156.0,156.0,150.0,140.0,144.0,158.0,144.0,140.0,150.0,154.0,168.0,162.0,148.0,158.0,140.0,154.0,152.0,152.0,146.0
9.29216,7.799523000000001,46.0,54.0,54.0,50.0,50.0,48.0,54.0,56.0,42.0,52.0,54.0,48.0,52.0,50.0,54.0,44.0,56.0,52.0,52.0,64.0,48.0,58.0,52.0,54.0,62.0,56.0,52.0,58.0,48.0,62.0,60.0,56.0,58.0,48.0,56.0,60.0,44.0,46.0,54.0,54.0,58.0,62.0,52.0,56.0,52.0,58.0,50.0,52.0,52.0,56.0,60.0,56.0,62.0,52.0,46.0,52.0,50.0,46.0,56.0,56.0,58.0,52.0,66.0,70.0,58.0,50.0,50.0,52.0,56.0,54.0,58.0,70.0,68.0,68.0,68.0,60.0,64.0,64.0,68.0,58.0,74.0,54.0,66.0,68.0,64.0,66.0,64.0,66.0,70.0,68.0,72.0,74.0,64.0,52.0,58.0,58.0,58.0,46.0,62.0,50.0,56.0,48.0,58.0,54.0,52.0,58.0,50.0,50.0,56.0,50.0,50.0,40.0,50.0,52.0,40.0,50.0,52.0,54.0,50.0,34.0,54.0,50.0,46.0,48.0,44.0,48.0,48.0,42.0,56.0,48.0,48.0,50.0,44.0,50.0,48.0,50.0,48.0,46.0,52.0,40.0,48.0,44.0,48.0,40.0,42.0,44.0,38.0,36.0,40.0,52.0,42.0,38.0,46.0,56.0,50.0,48.0,50.0,40.0,44.0,46.0,46.0,50.0,50.0,40.0,46.0,44.0,48.0,56.0,56.0,56.0,56.0,62.0,50.0,40.0,48.0,54.0,58.0,60.0,44.0,48.0,56.0,58.0,52.0,58.0,46.0,62.0,64.0,56.0,54.0,68.0,54.0,60.0,52.0,56.0,46.0,56.0,56.0,46.0,52.0,50.0,46.0,48.0,52.0,48.0,52.0,46.0,46.0,50.0,44.0,50.0,48.0,40.0,48.0,40.0,48.0,44.0,46.0,46.0,46.0,40.0,48.0,36.0,42.0,48.0,46.0,38.0,44.0,44.0,56.0,46.0,44.0,40.0,48.0,48.0,44.0,38.0,46.0,32.0,40.0,42.0,46.0,42.0,40.0,38.0,36.0,46.0,48.0,40.0,38.0,46.0,42.0,38.0,44.0,42.0,42.0,46.0,46.0,34.0,30.0,46.0,40.0,42.0,38.0,42.0,38.0,38.0,44.0,50.0,42.0,44.0,42.0,36.0,40.0,48.0,44.0,38.0,40.0,38.0,34.0,40.0,46.0,44.0,40.0,36.0,46.0,44.0,46.0,50.0,46.0,42.0,46.0,40.0,42.0,46.0,40.0,44.0,44.0,50.0,46.0,46.0,44.0,44.0,34.0,48.0,40.0,46.0,42.0,46.0,44.0,42.0,42.0,50.0,42.0,36.0,46.0,42.0,38.0,48.0,50.0,48.0,44.0,42.0,46.0,50.0,46.0,46.0,44.0,46.0,52.0,42.0,38.0,52.0,50.0,46.0,50.0,46.0,52.0,48.0,50.0,46.0,46.0,44.0,48.0,50.0,44.0,46.0,50.0,42.0,48.0,48.0,48.0,48.0,44.0,48.0,42.0,52.0,46.0,38.0,52.0,46.0,48.0,46.0,44.0,50.0,46.0,40.0,50.0,46.0,52.0,44.0,46.0,52.0,44.0,44.0,50.0,46.0,42.0,46.0,40.0,42.0,52.0,52.0,42.0,50.0,54.0,56.0,54.0,56.0,44.0,54.0,48.0,42.0,42.0,54.0,50.0,56.0,60.0,46.0,46.0,44.0,54.0,48.0,48.0,52.0,54.0,48.0,56.0,60.0,52.0,52.0,52.0,54.0,50.0,60.0,50.0,52.0,70.0,60.0,58.0,56.0,62.0,56.0,52.0,52.0,42.0,60.0,60.0,50.0,58.0,52.0,58.0,56.0,56.0,50.0,46.0,54.0,54.0,54.0,52.0,50.0,50.0,48.0,48.0,46.0,54.0,48.0,50.0,46.0,48.0,52.0,52.0,58.0,68.0,60.0,48.0,50.0,56.0,54.0,52.0,58.0,42.0,52.0,44.0,46.0,64.0,56.0,58.0,54.0,50.0,60.0,46.0,48.0,48.0,40.0,42.0,48.0,48.0,46.0,40.0,52.0,52.0,46.0,48.0,50.0,42.0,50.0,52.0,46.0,52.0,52.0,50.0,46.0,52.0,48.0,54.0,44.0,54.0,48.0,54.0,48.0,48.0,56.0,50.0,48.0,50.0,52.0,46.0,54.0,60.0,46.0,48.0,48.0,50.0,52.0,52.0,54.0,46.0,48.0,52.0,52.0,46.0,44.0,42.0,50.0,50.0,52.0,52.0,54.0,54.0,52.0,48.0,54.0,46.0,50.0,46.0,42.0,44.0,50.0,46.0,50.0,50.0,46.0,50.0,48.0,56.0,50.0,48.0,52.0,50.0,48.0,46.0,42.0,48.0,54.0,52.0,38.0,56.0,42.0,38.0,56.0,46.0,48.0,44.0,56.0,50.0,46.0,56.0,56.0,56.0,46.0,46.0,42.0,40.0,56.0,38.0,48.0,50.0,50.0,44.0,48.0,48.0,46.0,54.0,50.0,44.0,50.0,50.0,46.0,42.0,54.0,52.0,52.0,38.0,52.0,48.0,52.0,46.0,46.0,38.0,50.0,50.0,46.0,48.0,52.0,50.0,46.0,32.0,46.0,48.0,50.0,48.0,44.0,48.0,52.0,46.0,42.0,38.0,46.0,44.0,46.0,50.0,42.0,52.0,52.0,44.0,56.0,38.0,48.0,58.0,50.0,50.0,50.0,54.0,50.0,44.0,48.0,58.0,48.0,42.0,46.0,48.0,50.0,52.0,48.0,52.0,42.0,56.0,46.0,44.0,56.0,48.0,50.0,46.0,48.0,50.0,44.0,48.0,38.0,38.0,44.0,44.0,46.0,60.0,48.0,48.0,50.0,52.0,48.0,38.0,46.0,50.0,52.0,58.0,42.0,44.0,54.0,52.0,48.0,52.0,48.0,56.0
9.29216,9.35943,64.0,62.0,62.0,64.0,60.0,70.0,68.0,66.0,50.0,70.0,64.0,60.0,64.0,66.0,64.0,62.0,66.0,70.0,80.0,74.0,76.0,68.0,68.0,74.0,82.0,80.0,78.0,80.0,72.0,72.0,76.0,70.0,68.0,64.0,70.0,74.0,72.0,76.0,74.0,80.0,94.0,92.0,70.0,88.0,74.0,80.0,60.0,90.0,88.0,83.0,78.0,76.0,70.0,80.0,74.0,76.0,68.0,82.0,64.0,74.0,80.0,78.0,88.0,90.0,94.0,80.0,80.0,80.0,88.0,82.0,80.0,98.0,106.0,92.0,98.0,82.0,76.0,80.0,96.0,80.0,88.0,80.0,80.0,76.0,88.0,84.0,94.0,86.0,94.0,88.0,94.0,100.0,90.0,84.0,94.0,74.0,78.0,88.0,84.0,96.0,84.0,96.0,92.0,92.0,84.0,82.0,72.0,82.0,74.0,66.0,72.0,66.0,74.0,74.0,66.0,72.0,68.0,76.0,68.0,74.0,70.0,64.0,60.0,58.0,74.0,70.0,72.0,72.0,66.0,66.0,70.0,70.0,80.0,74.0,80.0,72.0,78.0,66.0,74.0,76.0,72.0,72.0,68.0,72.0,74.0,70.0,76.0,76.0,90.0,74.0,68.0,68.0,80.0,62.0,74.0,74.0,70.0,70.0,80.0,80.0,66.0,66.0,78.0,74.0,74.0,84.0,72.0,76.0,82.0,70.0,86.0,88.0,82.0,80.0,74.0,82.0,82.0,74.0,78.0,80.0,76.0,82.0,94.0,74.0,86.0,86.0,78.0,82.0,96.0,86.0,86.0,86.0,88.0,88.0,78.0,78.0,82.0,86.0,78.0,64.0,80.0,86.0,62.0,90.0,74.0,82.0,74.0,66.0,68.0,70.0,80.0,68.0,80.0,68.0,64.0,74.0,72.0,70.0,68.0,78.0,70.0,70.0,78.0,58.0,76.0,76.0,66.0,72.0,72.0,70.0,66.0,66.0,70.0,66.0,76.0,80.0,78.0,74.0,70.0,68.0,76.0,70.0,66.0,58.0,68.0,66.0,68.0,70.0,78.0,72.0,78.0,68.0,72.0,62.0,72.0,64.0,70.0,66.0,68.0,78.0,72.0,72.0,66.0,62.0,70.0,62.0,74.0,72.0,70.0,74.0,76.0,70.0,78.0,72.0,60.0,66.0,66.0,72.0,60.0,68.0,68.0,62.0,66.0,64.0,78.0,74.0,68.0,68.0,76.0,68.0,78.0,74.0,76.0,78.0,72.0,74.0,74.0,82.0,68.0,76.0,66.0,74.0,76.0,58.0,76.0,80.0,74.0,74.0,80.0,70.0,78.0,66.0,78.0,76.0,84.0,80.0,76.0,76.0,90.0,78.0,70.0,84.0,82.0,78.0,78.0,80.0,78.0,80.0,84.0,80.0,72.0,66.0,80.0,66.0,72.0,90.0,76.0,68.0,74.0,74.0,78.0,70.0,70.0,74.0,76.0,74.0,76.0,76.0,96.0,72.0,88.0,82.0,76.0,66.0,74.0,92.0,80.0,88.0,80.0,86.0,76.0,82.0,84.0,86.0,80.0,82.0,78.0,80.0,80.0,84.0,78.0,94.0,76.0,86.0,88.0,82.0,78.0,86.0,96.0,76.0,82.0,82.0,96.0,78.0,88.0,96.0,94.0,94.0,90.0,84.0,80.0,100.0,96.0,94.0,88.0,94.0,94.0,92.0,98.0,94.0,102.0,92.0,114.0,88.0,104.0,94.0,106.0,104.0,96.0,92.0,114.0,126.0,112.0,104.0,112.0,134.0,106.0,114.0,116.0,108.0,120.0,122.0,124.0,112.0,108.0,124.0,96.0,112.0,108.0,120.0,116.0,92.0,104.0,106.0,90.0,92.0,84.0,94.0,92.0,84.0,96.0,84.0,82.0,90.0,82.0,80.0,80.0,90.0,94.0,90.0,86.0,90.0,102.0,90.0,84.0,86.0,96.0,78.0,82.0,92.0,78.0,80.0,86.0,84.0,94.0,84.0,102.0,76.0,84.0,84.0,98.0,90.0,92.0,80.0,86.0,94.0,82.0,98.0,90.0,86.0,86.0,88.0,94.0,90.0,78.0,86.0,90.0,82.0,90.0,88.0,90.0,76.0,94.0,82.0,78.0,82.0,82.0,86.0,86.0,98.0,88.0,88.0,78.0,86.0,80.0,80.0,92.0,84.0,92.0,88.0,92.0,92.0,90.0,98.0,98.0,90.0,94.0,88.0,82.0,76.0,84.0,102.0,74.0,94.0,80.0,80.0,86.0,86.0,86.0,76.0,98.0,86.0,84.0,88.0,86.0,94.0,84.0,74.0,90.0,82.0,82.0,80.0,82.0,92.0,94.0,92.0,76.0,94.0,88.0,88.0,86.0,82.0,86.0,78.0,82.0,84.0,90.0,90.0,86.0,76.0,82.0,80.0,82.0,94.0,80.0,80.0,82.0,86.0,96.0,82.0,80.0,78.0,80.0,80.0,86.0,94.0,96.0,84.0,82.0,82.0,76.0,76.0,88.0,84.0,76.0,88.0,84.0,80.0,82.0,88.0,72.0,82.0,80.0,88.0,96.0,84.0,84.0,84.0,88.0,88.0,94.0,82.0,74.0,84.0,86.0,80.0,92.0,86.0,80.0,72.0,78.0,76.0,76.0,88.0,80.0,84.0,90.0,80.0,80.0,84.0,82.0,88.0,92.0,82.0,82.0,92.0,94.0,86.0,86.0,78.0,78.0,94.0,80.0,82.0,100.0,90.0,80.0,86.0,70.0,70.0,84.0,88.0,78.0,82.0,78.0,90.0,78.0,76.0,92.0,82.0,74.0,88.0,88.0,82.0,88.0,84.0,80.0,90.0,88.0,94.0,84.0,80.0,88.0,90.0,80.0,88.0,94.0,88.0,80.0,82.0,78.0,90.0,94.0,80.0,88.0,94.0,78.0,82.0,88.0,86.0,84.0
9.29216,10.91933,70.0,72.0,70.0,72.0,68.0,62.0,64.0,64.0,62.0,62.0,60.0,64.0,66.0,60.0,54.0,62.0,72.0,54.0,72.0,70.0,84.0,72.0,80.0,70.0,74.0,84.0,78.0,76.0,74.0,66.0,74.0,80.0,78.0,70.0,74.0,80.0,66.0,62.0,70.0,80.0,90.0,82.0,80.0,80.0,68.0,74.0,82.0,76.0,84.0,83.0,80.0,80.0,86.0,74.0,64.0,72.0,76.0,88.0,72.0,86.0,94.0,88.0,88.0,80.0,82.0,68.0,92.0,84.0,80.0,80.0,78.0,88.0,76.0,90.0,68.0,88.0,68.0,74.0,76.0,72.0,74.0,78.0,88.0,80.0,90.0,88.0,84.0,94.0,80.0,98.0,94.0,80.0,70.0,76.0,94.0,88.0,76.0,72.0,84.0,84.0,80.0,96.0,90.0,76.0,78.0,72.0,68.0,78.0,70.0,68.0,70.0,66.0,76.0,70.0,66.0,70.0,74.0,70.0,76.0,60.0,76.0,64.0,68.0,68.0,74.0,78.0,74.0,76.0,68.0,78.0,82.0,58.0,68.0,82.0,72.0,74.0,74.0,74.0,72.0,68.0,70.0,82.0,72.0,82.0,72.0,64.0,66.0,82.0,72.0,82.0,70.0,78.0,72.0,70.0,76.0,78.0,72.0,74.0,68.0,64.0,64.0,76.0,76.0,68.0,64.0,88.0,86.0,80.0,82.0,70.0,70.0,82.0,86.0,74.0,82.0,86.0,76.0,76.0,76.0,86.0,88.0,74.0,80.0,80.0,92.0,88.0,92.0,94.0,84.0,80.0,70.0,70.0,94.0,80.0,84.0,76.0,84.0,88.0,68.0,76.0,80.0,86.0,68.0,84.0,82.0,68.0,88.0,80.0,78.0,78.0,78.0,74.0,78.0,72.0,88.0,74.0,76.0,90.0,78.0,70.0,76.0,72.0,66.0,78.0,80.0,62.0,72.0,68.0,80.0,82.0,76.0,72.0,66.0,68.0,72.0,70.0,80.0,80.0,72.0,74.0,58.0,74.0,76.0,68.0,68.0,86.0,70.0,70.0,82.0,72.0,76.0,76.0,70.0,76.0,66.0,82.0,86.0,76.0,76.0,70.0,76.0,70.0,78.0,66.0,70.0,70.0,72.0,74.0,82.0,68.0,68.0,62.0,80.0,64.0,62.0,72.0,78.0,68.0,74.0,78.0,78.0,68.0,66.0,68.0,64.0,64.0,72.0,72.0,62.0,74.0,80.0,72.0,78.0,82.0,68.0,74.0,84.0,62.0,78.0,88.0,78.0,66.0,80.0,84.0,68.0,68.0,72.0,70.0,66.0,76.0,72.0,80.0,68.0,78.0,90.0,81.0,72.0,76.0,78.0,74.0,66.0,80.0,76.0,74.0,84.0,84.0,66.0,78.0,64.0,80.0,76.0,74.0,64.0,76.0,72.0,86.0,80.0,66.0,70.0,70.0,86.0,78.0,68.0,78.0,84.0,80.0,82.0,84.0,66.0,80.0,100.0,78.0,72.0,74.0,96.0,86.0,78.0,80.0,82.0,82.0,80.0,84.0,78.0,84.0,78.0,76.0,82.0,78.0,74.0,94.0,80.0,78.0,72.0,74.0,86.0,80.0,90.0,98.0,84.0,84.0,88.0,80.0,76.0,90.0,98.0,84.0,88.0,90.0,86.0,82.0,84.0,82.0,92.0,88.0,92.0,86.0,98.0,72.0,84.0,96.0,86.0,98.0,90.0,96.0,92.0,92.0,90.0,96.0,94.0,114.0,98.0,96.0,84.0,100.0,92.0,96.0,104.0,120.0,120.0,106.0,102.0,116.0,104.0,108.0,94.0,102.0,110.0,98.0,102.0,96.0,90.0,104.0,82.0,84.0,98.0,92.0,100.0,92.0,98.0,84.0,86.0,90.0,80.0,86.0,90.0,86.0,84.0,82.0,88.0,84.0,90.0,76.0,76.0,82.0,96.0,84.0,96.0,90.0,84.0,78.0,76.0,86.0,88.0,82.0,92.0,102.0,90.0,88.0,82.0,76.0,88.0,82.0,90.0,92.0,76.0,92.0,84.0,90.0,86.0,82.0,86.0,86.0,84.0,98.0,82.0,100.0,82.0,80.0,70.0,82.0,86.0,80.0,72.0,92.0,86.0,78.0,76.0,76.0,102.0,98.0,94.0,88.0,78.0,78.0,78.0,84.0,80.0,94.0,88.0,84.0,84.0,90.0,82.0,90.0,96.0,82.0,90.0,86.0,84.0,82.0,92.0,90.0,90.0,84.0,78.0,90.0,94.0,88.0,84.0,98.0,76.0,88.0,78.0,84.0,94.0,90.0,86.0,100.0,86.0,90.0,88.0,82.0,82.0,72.0,82.0,86.0,82.0,88.0,82.0,82.0,76.0,90.0,86.0,80.0,84.0,92.0,82.0,88.0,88.0,76.0,78.0,88.0,86.0,78.0,78.0,82.0,84.0,84.0,86.0,84.0,76.0,90.0,94.0,86.0,82.0,90.0,82.0,72.0,80.0,88.0,72.0,88.0,92.0,100.0,86.0,92.0,82.0,82.0,78.0,84.0,80.0,92.0,90.0,94.0,76.0,76.0,90.0,88.0,88.0,80.0,104.0,86.0,80.0,92.0,90.0,84.0,96.0,88.0,86.0,90.0,76.0,78.0,74.0,102.0,86.0,94.0,84.0,88.0,86.0,80.0,82.0,100.0,84.0,84.0,84.0,80.0,88.0,88.0,88.0,92.0,92.0,76.0,104.0,80.0,96.0,88.0,76.0,86.0,92.0,84.0,82.0,94.0,86.0,84.0,92.0,88.0,96.0,86.0,94.0,96.0,72.0,78.0,92.0,82.0,86.0,88.0,92.0,94.0,84.0,86.0,88.0,88.0,96.0,86.0,88.0,84.0,94.0,82.0,92.0,84.0,84.0,80.0,86.0,86.0,96.0,88.0,76.0,96.0,84.0,94.0,94.0
9.29216,12.479230000000001,58.0,56.0,48.0,52.0,54.0,48.0,48.0,48.0,40.0,50.0,50.0,56.0,52.0,48.0,44.0,56.0,62.0,60.0,66.0,52.0,58.0,52.0,60.0,64.0,56.0,64.0,58.0,64.0,64.0,50.0,50.0,58.0,66.0,66.0,62.0,66.0,66.0,60.0,70.0,62.0,62.0,62.0,60.0,60.0,48.0,56.0,66.0,64.0,64.0,63.0,60.0,64.0,54.0,66.0,58.0,56.0,54.0,50.0,58.0,70.0,56.0,66.0,62.0,52.0,56.0,52.0,68.0,58.0,66.0,62.0,64.0,62.0,70.0,56.0,58.0,66.0,62.0,60.0,60.0,66.0,66.0,66.0,62.0,64.0,76.0,70.0,74.0,64.0,64.0,80.0,68.0,68.0,60.0,54.0,66.0,52.0,62.0,56.0,46.0,50.0,58.0,58.0,56.0,56.0,56.0,56.0,62.0,66.0,60.0,56.0,62.0,58.0,46.0,52.0,54.0,60.0,56.0,60.0,56.0,56.0,50.0,58.0,48.0,62.0,50.0,46.0,58.0,56.0,52.0,54.0,48.0,54.0,50.0,52.0,66.0,56.0,56.0,56.0,44.0,54.0,50.0,62.0,58.0,60.0,58.0,50.0,56.0,54.0,50.0,52.0,44.0,56.0,48.0,52.0,44.0,54.0,58.0,52.0,56.0,54.0,50.0,54.0,52.0,54.0,64.0,52.0,62.0,64.0,56.0,56.0,40.0,56.0,62.0,56.0,56.0,50.0,64.0,64.0,44.0,58.0,50.0,58.0,48.0,56.0,56.0,60.0,58.0,62.0,64.0,58.0,66.0,62.0,56.0,60.0,54.0,66.0,58.0,60.0,52.0,58.0,60.0,50.0,58.0,60.0,62.0,64.0,52.0,58.0,52.0,58.0,54.0,58.0,56.0,54.0,54.0,48.0,46.0,54.0,52.0,56.0,52.0,58.0,52.0,60.0,60.0,60.0,52.0,52.0,58.0,60.0,48.0,46.0,54.0,58.0,52.0,48.0,54.0,56.0,56.0,56.0,54.0,58.0,50.0,58.0,58.0,44.0,54.0,56.0,52.0,62.0,50.0,56.0,44.0,58.0,54.0,60.0,62.0,60.0,54.0,48.0,56.0,58.0,52.0,54.0,50.0,52.0,58.0,48.0,44.0,50.0,54.0,46.0,50.0,52.0,54.0,46.0,52.0,52.0,52.0,50.0,46.0,52.0,52.0,48.0,60.0,62.0,48.0,46.0,56.0,58.0,50.0,54.0,52.0,56.0,58.0,54.0,56.0,54.0,64.0,58.0,48.0,54.0,58.0,66.0,56.0,58.0,50.0,52.0,48.0,48.0,62.0,56.0,54.0,52.0,56.0,55.0,54.0,50.0,64.0,48.0,64.0,60.0,50.0,58.0,60.0,58.0,56.0,52.0,64.0,52.0,50.0,54.0,58.0,60.0,50.0,48.0,50.0,52.0,56.0,48.0,64.0,58.0,54.0,58.0,50.0,54.0,58.0,56.0,70.0,56.0,56.0,50.0,52.0,60.0,60.0,60.0,62.0,60.0,52.0,58.0,52.0,52.0,52.0,56.0,52.0,56.0,62.0,60.0,54.0,50.0,58.0,54.0,60.0,62.0,62.0,58.0,62.0,58.0,64.0,56.0,58.0,60.0,60.0,58.0,56.0,66.0,66.0,64.0,54.0,52.0,56.0,60.0,58.0,54.0,60.0,64.0,66.0,50.0,62.0,62.0,56.0,60.0,60.0,60.0,62.0,54.0,56.0,50.0,68.0,62.0,40.0,56.0,60.0,60.0,64.0,60.0,62.0,60.0,66.0,60.0,72.0,66.0,60.0,70.0,62.0,52.0,52.0,72.0,62.0,56.0,54.0,64.0,64.0,60.0,52.0,64.0,62.0,66.0,58.0,68.0,58.0,64.0,58.0,64.0,66.0,66.0,62.0,42.0,60.0,58.0,56.0,58.0,58.0,68.0,70.0,68.0,68.0,52.0,66.0,54.0,60.0,46.0,74.0,54.0,58.0,62.0,60.0,68.0,58.0,50.0,54.0,58.0,58.0,58.0,54.0,66.0,64.0,62.0,56.0,68.0,66.0,62.0,54.0,64.0,70.0,70.0,52.0,68.0,54.0,56.0,54.0,58.0,62.0,54.0,60.0,68.0,54.0,62.0,62.0,66.0,54.0,52.0,64.0,56.0,70.0,52.0,58.0,70.0,62.0,62.0,64.0,60.0,62.0,64.0,60.0,60.0,72.0,64.0,66.0,64.0,56.0,68.0,62.0,64.0,62.0,66.0,64.0,62.0,64.0,68.0,62.0,64.0,60.0,60.0,76.0,60.0,78.0,64.0,66.0,64.0,56.0,66.0,54.0,58.0,60.0,52.0,58.0,50.0,60.0,64.0,72.0,68.0,78.0,56.0,54.0,62.0,64.0,62.0,56.0,60.0,52.0,58.0,62.0,58.0,60.0,52.0,60.0,54.0,56.0,64.0,68.0,68.0,64.0,60.0,70.0,60.0,64.0,64.0,60.0,58.0,52.0,58.0,72.0,62.0,62.0,62.0,66.0,72.0,54.0,72.0,66.0,60.0,66.0,56.0,58.0,68.0,62.0,66.0,72.0,50.0,68.0,70.0,66.0,60.0,60.0,62.0,70.0,56.0,60.0,70.0,52.0,64.0,64.0,70.0,62.0,54.0,58.0,68.0,60.0,50.0,66.0,62.0,52.0,54.0,56.0,58.0,60.0,62.0,50.0,64.0,54.0,60.0,70.0,60.0,52.0,60.0,70.0,64.0,62.0,58.0,70.0,58.0,56.0,64.0,66.0,60.0,68.0,74.0,66.0,70.0,64.0,66.0,58.0,66.0,56.0,54.0,64.0,68.0,64.0,60.0,72.0,56.0,64.0,68.0,68.0,64.0,64.0,60.0,58.0,72.0,58.0,68.0,74.0,60.0,64.0,60.0,58.0,54.0,70.0,64.0,66.0
9.29216,14.03914,66.0,64.0,70.0,74.0,68.0,64.0,66.0,60.0,68.0,64.0,60.0,70.0,78.0,66.0,62.0,70.0,64.0,76.0,66.0,84.0,70.0,90.0,80.0,78.0,72.0,80.0,90.0,90.0,80.0,80.0,80.0,72.0,78.0,70.0,68.0,72.0,70.0,76.0,70.0,64.0,74.0,84.0,70.0,78.0,82.0,82.0,80.0,72.0,74.0,75.0,76.0,72.0,80.0,74.0,82.0,80.0,76.0,74.0,80.0,80.0,78.0,82.0,68.0,88.0,78.0,82.0,68.0,70.0,82.0,80.0,74.0,76.0,74.0,80.0,80.0,82.0,86.0,72.0,78.0,94.0,80.0,78.0,88.0,82.0,82.0,90.0,90.0,74.0,82.0,84.0,74.0,80.0,88.0,78.0,82.0,86.0,76.0,82.0,80.0,72.0,68.0,70.0,74.0,74.0,78.0,76.0,72.0,76.0,74.0,74.0,74.0,68.0,66.0,72.0,66.0,80.0,70.0,72.0,74.0,82.0,70.0,70.0,72.0,68.0,72.0,74.0,74.0,70.0,72.0,70.0,82.0,84.0,78.0,86.0,70.0,76.0,82.0,76.0,82.0,76.0,74.0,74.0,74.0,78.0,72.0,72.0,80.0,70.0,68.0,74.0,74.0,70.0,78.0,74.0,72.0,66.0,74.0,64.0,74.0,68.0,74.0,70.0,84.0,80.0,76.0,74.0,76.0,62.0,72.0,70.0,72.0,84.0,78.0,80.0,66.0,70.0,74.0,72.0,68.0,68.0,62.0,64.0,78.0,82.0,78.0,68.0,78.0,86.0,82.0,82.0,78.0,74.0,78.0,74.0,64.0,80.0,70.0,68.0,78.0,86.0,74.0,76.0,78.0,74.0,76.0,64.0,62.0,74.0,80.0,70.0,72.0,68.0,82.0,88.0,78.0,82.0,88.0,78.0,76.0,64.0,80.0,84.0,66.0,72.0,76.0,78.0,84.0,72.0,74.0,82.0,66.0,82.0,78.0,86.0,76.0,90.0,76.0,76.0,72.0,80.0,76.0,82.0,84.0,76.0,82.0,70.0,76.0,76.0,80.0,62.0,72.0,72.0,74.0,66.0,80.0,76.0,78.0,82.0,58.0,76.0,82.0,78.0,74.0,78.0,70.0,76.0,78.0,76.0,72.0,80.0,74.0,68.0,84.0,82.0,74.0,80.0,80.0,86.0,82.0,84.0,76.0,88.0,88.0,74.0,78.0,86.0,78.0,74.0,86.0,76.0,70.0,76.0,76.0,76.0,76.0,78.0,70.0,88.0,82.0,92.0,68.0,92.0,90.0,84.0,92.0,76.0,78.0,80.0,86.0,78.0,80.0,90.0,84.0,82.0,88.0,79.0,68.0,86.0,86.0,82.0,72.0,82.0,98.0,100.0,84.0,94.0,88.0,86.0,84.0,74.0,76.0,74.0,86.0,80.0,80.0,80.0,86.0,80.0,84.0,76.0,74.0,84.0,78.0,86.0,82.0,86.0,84.0,86.0,78.0,92.0,88.0,86.0,72.0,88.0,92.0,84.0,82.0,76.0,78.0,70.0,86.0,86.0,74.0,84.0,86.0,76.0,86.0,80.0,82.0,94.0,86.0,94.0,84.0,88.0,84.0,78.0,82.0,88.0,90.0,94.0,88.0,90.0,92.0,84.0,92.0,80.0,92.0,80.0,92.0,88.0,86.0,80.0,82.0,76.0,88.0,88.0,92.0,74.0,82.0,90.0,90.0,80.0,90.0,90.0,86.0,86.0,90.0,82.0,80.0,88.0,90.0,88.0,86.0,80.0,90.0,82.0,76.0,84.0,82.0,94.0,90.0,90.0,82.0,88.0,88.0,80.0,88.0,86.0,94.0,82.0,90.0,90.0,94.0,102.0,84.0,100.0,84.0,94.0,84.0,76.0,96.0,92.0,78.0,84.0,92.0,92.0,82.0,98.0,90.0,82.0,92.0,100.0,90.0,94.0,94.0,88.0,80.0,80.0,84.0,80.0,90.0,88.0,92.0,102.0,94.0,90.0,94.0,94.0,92.0,94.0,84.0,86.0,98.0,84.0,98.0,96.0,98.0,94.0,96.0,94.0,86.0,88.0,86.0,80.0,100.0,90.0,86.0,70.0,90.0,100.0,94.0,82.0,94.0,96.0,82.0,106.0,76.0,80.0,94.0,86.0,90.0,76.0,98.0,96.0,92.0,96.0,96.0,98.0,102.0,100.0,98.0,86.0,100.0,98.0,94.0,100.0,92.0,88.0,94.0,98.0,90.0,104.0,84.0,94.0,94.0,84.0,86.0,96.0,94.0,90.0,90.0,94.0,90.0,102.0,84.0,84.0,84.0,92.0,98.0,102.0,96.0,90.0,102.0,90.0,92.0,96.0,88.0,92.0,80.0,92.0,90.0,98.0,90.0,88.0,100.0,90.0,82.0,98.0,100.0,82.0,100.0,100.0,112.0,86.0,88.0,84.0,94.0,88.0,94.0,84.0,94.0,100.0,102.0,88.0,86.0,84.0,94.0,92.0,88.0,88.0,94.0,80.0,76.0,98.0,92.0,86.0,88.0,94.0,106.0,96.0,72.0,86.0,90.0,94.0,92.0,92.0,90.0,92.0,100.0,90.0,88.0,84.0,90.0,82.0,96.0,94.0,96.0,100.0,94.0,90.0,96.0,102.0,96.0,80.0,94.0,86.0,86.0,98.0,104.0,94.0,92.0,92.0,84.0,84.0,88.0,94.0,106.0,100.0,82.0,96.0,98.0,88.0,98.0,92.0,102.0,96.0,88.0,102.0,96.0,96.0,100.0,88.0,92.0,96.0,86.0,92.0,98.0,104.0,96.0,94.0,104.0,92.0,98.0,106.0,90.0,88.0,100.0,90.0,94.0,104.0,94.0,98.0,92.0,94.0,90.0,90.0,96.0,102.0,92.0,90.0,98.0,104.0,100.0,104.0,86.0,102.0,84.0,86.0,102.0,96.0,86.0
10.84085,0.0,134.0,128.0,126.0,142.0,110.0,116.0,122.0,120.0,132.0,126.0,126.0,126.0,120.0,128.0,138.0,124.0,138.0,130.0,140.0,122.0,140.0,152.0,130.0,130.0,148.0,160.0,150.0,168.0,146.0,158.0,148.0,172.0,136.0,150.0,138.0,144.0,138.0,152.0,136.0,140.0,134.0,140.0,144.0,114.0,130.0,140.0,142.0,148.0,142.0,146.0,146.0,146.0,142.0,134.0,138.0,144.0,158.0,154.0,136.0,160.0,170.0,140.0,150.0,152.0,144.0,144.0,150.0,152.0,140.0,138.0,130.0,136.0,146.0,132.0,134.0,142.0,146.0,148.0,150.0,142.0,128.0,156.0,140.0,146.0,146.0,146.0,132.0,138.0,142.0,142.0,136.0,138.0,154.0,144.0,130.0,136.0,142.0,144.0,142.0,134.0,122.0,146.0,138.0,136.0,134.0,130.0,152.0,138.0,140.0,138.0,128.0,126.0,134.0,130.0,124.0,126.0,130.0,140.0,134.0,144.0,134.0,146.0,156.0,136.0,152.0,146.0,150.0,146.0,146.0,148.0,162.0,176.0,190.0,180.0,180.0,182.0,174.0,172.0,146.0,140.0,136.0,144.0,144.0,126.0,140.0,136.0,150.0,136.0,142.0,138.0,148.0,144.0,140.0,150.0,156.0,138.0,134.0,134.0,134.0,134.0,138.0,146.0,148.0,126.0,146.0,148.0,142.0,136.0,138.0,138.0,126.0,144.0,146.0,144.0,138.0,152.0,140.0,154.0,130.0,124.0,150.0,136.0,146.0,158.0,146.0,144.0,150.0,146.0,130.0,156.0,148.0,142.0,144.0,144.0,160.0,136.0,126.0,142.0,128.0,148.0,138.0,150.0,148.0,160.0,152.0,140.0,152.0,144.0,132.0,146.0,148.0,128.0,134.0,132.0,148.0,144.0,160.0,158.0,154.0,140.0,152.0,142.0,154.0,152.0,164.0,140.0,142.0,140.0,162.0,154.0,144.0,144.0,132.0,134.0,146.0,148.0,132.0,154.0,160.0,132.0,158.0,148.0,158.0,146.0,146.0,138.0,156.0,154.0,146.0,148.0,154.0,156.0,152.0,146.0,148.0,142.0,158.0,164.0,148.0,152.0,156.0,152.0,168.0,136.0,162.0,144.0,142.0,164.0,150.0,142.0,140.0,148.0,154.0,160.0,154.0,146.0,146.0,156.0,158.0,166.0,166.0,152.0,154.0,148.0,170.0,140.0,156.0,168.0,142.0,148.0,150.0,158.0,158.0,168.0,160.0,176.0,184.0,168.0,156.0,170.0,164.0,184.0,170.0,164.0,158.0,150.0,150.0,160.0,152.0,158.0,160.0,160.0,164.0,174.0,162.0,169.0,172.0,178.0,176.0,164.0,160.0,160.0,158.0,156.0,174.0,158.0,160.0,168.0,168.0,154.0,156.0,162.0,168.0,158.0,168.0,154.0,146.0,154.0,158.0,158.0,162.0,160.0,174.0,162.0,158.0,168.0,148.0,176.0,180.0,182.0,160.0,174.0,170.0,158.0,156.0,178.0,178.0,158.0,154.0,164.0,162.0,172.0,178.0,150.0,172.0,164.0,184.0,158.0,176.0,174.0,176.0,158.0,170.0,168.0,188.0,172.0,188.0,162.0,164.0,142.0,174.0,172.0,170.0,166.0,168.0,182.0,172.0,170.0,168.0,182.0,176.0,172.0,160.0,172.0,174.0,168.0,160.0,150.0,160.0,142.0,156.0,156.0,164.0,158.0,170.0,172.0,166.0,172.0,180.0,164.0,166.0,174.0,182.0,168.0,178.0,168.0,180.0,184.0,180.0,180.0,152.0,182.0,176.0,184.0,162.0,188.0,172.0,180.0,168.0,160.0,186.0,180.0,196.0,180.0,190.0,180.0,176.0,162.0,186.0,178.0,160.0,160.0,184.0,170.0,172.0,172.0,180.0,188.0,160.0,150.0,166.0,170.0,164.0,168.0,182.0,162.0,200.0,176.0,190.0,192.0,182.0,174.0,176.0,198.0,164.0,184.0,178.0,190.0,190.0,192.0,186.0,180.0,162.0,186.0,186.0,162.0,186.0,186.0,184.0,180.0,182.0,192.0,172.0,186.0,180.0,166.0,182.0,182.0,184.0,174.0,190.0,164.0,176.0,160.0,178.0,188.0,178.0,180.0,166.0,184.0,186.0,184.0,176.0,180.0,180.0,182.0,176.0,192.0,166.0,180.0,192.0,186.0,188.0,188.0,188.0,188.0,182.0,178.0,172.0,174.0,170.0,184.0,188.0,178.0,182.0,194.0,194.0,182.0,180.0,180.0,196.0,182.0,190.0,182.0,190.0,184.0,184.0,176.0,194.0,172.0,184.0,190.0,202.0,194.0,172.0,192.0,188.0,188.0,186.0,196.0,176.0,182.0,192.0,188.0,194.0,160.0,190.0,194.0,170.0,180.0,186.0,174.0,188.0,200.0,190.0,190.0,186.0,168.0,186.0,198.0,182.0,192.0,170.0,174.0,178.0,180.0,180.0,200.0,182.0,198.0,192.0,172.0,190.0,192.0,196.0,180.0,190.0,210.0,202.0,192.0,182.0,184.0,204.0,182.0,192.0,188.0,200.0,192.0,184.0,204.0,180.0,176.0,196.0,180.0,178.0,192.0,184.0,186.0,190.0,182.0,186.0,184.0,190.0,208.0,198.0,172.0,186.0,178.0,176.0,188.0,196.0,192.0,176.0,182.0,188.0,182.0,210.0,168.0,178.0,176.0,180.0,200.0,190.0,186.0,196.0,192.0,192.0,210.0,184.0,184.0,184.0,186.0,208.0,188.0,190.0,188.0,194.0,190.0,204.0,194.0,196.0,194.0,200.0,178.0,174.0,210.0,186.0,200.0,196.0,192.0,180.0,170.0,198.0,194.0,178.0,202.0,176.0,188.0,196.0,204.0,202.0,196.0,190.0,204.0,182.0,182.0,188.0,184.0,196.0,206.0,182.0
10.84085,1.5599100000000004,142.0,124.0,136.0,128.0,122.0,126.0,120.0,140.0,136.0,130.0,120.0,118.0,126.0,132.0,116.0,134.0,138.0,136.0,154.0,150.0,146.0,138.0,150.0,154.0,142.0,140.0,148.0,158.0,148.0,138.0,144.0,148.0,158.0,156.0,150.0,156.0,142.0,136.0,144.0,156.0,136.0,142.0,144.0,146.0,128.0,154.0,144.0,150.0,146.0,153.0,160.0,154.0,154.0,144.0,150.0,146.0,148.0,152.0,152.0,168.0,168.0,150.0,158.0,144.0,156.0,144.0,144.0,152.0,158.0,142.0,134.0,152.0,122.0,144.0,148.0,144.0,136.0,140.0,160.0,138.0,144.0,148.0,154.0,148.0,144.0,144.0,144.0,150.0,150.0,160.0,144.0,138.0,152.0,152.0,152.0,130.0,152.0,144.0,150.0,146.0,140.0,130.0,138.0,144.0,142.0,138.0,140.0,134.0,134.0,132.0,136.0,132.0,136.0,148.0,142.0,134.0,134.0,148.0,148.0,134.0,142.0,156.0,146.0,146.0,140.0,154.0,144.0,142.0,146.0,158.0,164.0,174.0,186.0,180.0,184.0,184.0,162.0,164.0,154.0,130.0,144.0,148.0,152.0,144.0,124.0,144.0,138.0,130.0,140.0,138.0,148.0,134.0,138.0,146.0,142.0,140.0,140.0,132.0,140.0,154.0,134.0,144.0,130.0,140.0,148.0,134.0,140.0,146.0,134.0,138.0,126.0,150.0,126.0,142.0,128.0,138.0,144.0,132.0,150.0,134.0,150.0,140.0,130.0,138.0,142.0,136.0,146.0,132.0,142.0,126.0,142.0,152.0,136.0,144.0,146.0,134.0,146.0,140.0,150.0,132.0,144.0,154.0,148.0,138.0,138.0,144.0,138.0,142.0,138.0,134.0,146.0,150.0,140.0,142.0,142.0,138.0,132.0,134.0,152.0,154.0,150.0,158.0,152.0,130.0,146.0,138.0,168.0,156.0,140.0,134.0,152.0,130.0,138.0,152.0,148.0,144.0,152.0,136.0,148.0,140.0,144.0,152.0,144.0,142.0,140.0,140.0,134.0,154.0,144.0,164.0,140.0,150.0,132.0,144.0,146.0,144.0,130.0,148.0,132.0,144.0,158.0,156.0,162.0,154.0,148.0,152.0,158.0,148.0,136.0,146.0,156.0,144.0,144.0,164.0,152.0,134.0,140.0,146.0,146.0,152.0,126.0,158.0,158.0,154.0,164.0,160.0,152.0,166.0,166.0,158.0,152.0,146.0,162.0,156.0,164.0,146.0,146.0,166.0,158.0,158.0,160.0,160.0,158.0,172.0,158.0,164.0,156.0,144.0,166.0,140.0,172.0,150.0,166.0,140.0,168.0,163.0,158.0,160.0,160.0,164.0,162.0,154.0,166.0,154.0,156.0,170.0,150.0,172.0,170.0,138.0,158.0,144.0,162.0,162.0,158.0,166.0,156.0,154.0,164.0,138.0,164.0,172.0,158.0,164.0,156.0,174.0,158.0,166.0,168.0,142.0,166.0,168.0,148.0,160.0,162.0,156.0,158.0,170.0,164.0,146.0,158.0,168.0,166.0,162.0,170.0,160.0,150.0,164.0,156.0,168.0,174.0,174.0,170.0,152.0,160.0,154.0,168.0,160.0,168.0,170.0,160.0,170.0,162.0,162.0,184.0,168.0,160.0,168.0,174.0,160.0,158.0,164.0,168.0,168.0,164.0,184.0,176.0,174.0,168.0,178.0,170.0,156.0,174.0,176.0,166.0,156.0,158.0,164.0,164.0,168.0,162.0,178.0,166.0,160.0,176.0,176.0,182.0,160.0,178.0,168.0,186.0,188.0,174.0,166.0,172.0,162.0,158.0,172.0,162.0,172.0,172.0,182.0,146.0,160.0,170.0,174.0,168.0,166.0,166.0,166.0,170.0,174.0,184.0,164.0,180.0,172.0,166.0,174.0,176.0,172.0,172.0,172.0,178.0,180.0,182.0,160.0,170.0,172.0,168.0,172.0,168.0,176.0,176.0,180.0,160.0,178.0,164.0,168.0,196.0,178.0,186.0,172.0,174.0,186.0,196.0,182.0,172.0,168.0,174.0,188.0,158.0,176.0,180.0,182.0,170.0,178.0,178.0,172.0,168.0,172.0,170.0,170.0,190.0,190.0,178.0,178.0,162.0,176.0,168.0,170.0,174.0,184.0,162.0,186.0,180.0,192.0,164.0,194.0,192.0,188.0,180.0,184.0,160.0,182.0,188.0,164.0,182.0,164.0,188.0,192.0,188.0,186.0,182.0,182.0,180.0,180.0,180.0,162.0,192.0,196.0,180.0,176.0,162.0,180.0,172.0,174.0,176.0,188.0,182.0,188.0,184.0,174.0,180.0,180.0,182.0,170.0,186.0,180.0,196.0,188.0,176.0,174.0,184.0,182.0,162.0,192.0,184.0,182.0,184.0,180.0,190.0,186.0,182.0,180.0,168.0,180.0,194.0,186.0,192.0,202.0,192.0,180.0,182.0,200.0,186.0,184.0,190.0,192.0,186.0,198.0,192.0,200.0,188.0,188.0,176.0,190.0,186.0,174.0,194.0,194.0,186.0,198.0,198.0,198.0,182.0,188.0,168.0,184.0,188.0,176.0,196.0,188.0,188.0,172.0,192.0,182.0,188.0,178.0,190.0,188.0,170.0,174.0,198.0,186.0,186.0,186.0,196.0,186.0,174.0,180.0,192.0,194.0,182.0,178.0,196.0,184.0,176.0,192.0,178.0,182.0,184.0,176.0,188.0,172.0,198.0,190.0,186.0,198.0,174.0,184.0,182.0,198.0,186.0,198.0,188.0,196.0,182.0,192.0,190.0,170.0,184.0,196.0,210.0,180.0,196.0,192.0,196.0,198.0,184.0,206.0,206.0,174.0,182.0,196.0,194.0,184.0,194.0,192.0,196.0,190.0,174.0,196.0,184.0,178.0,202.0,174.0,188.0,194.0,176.0,184.0,176.0
10.84085,3.11981,122.0,126.0,118.0,128.0,122.0,108.0,130.0,118.0,108.0,118.0,114.0,120.0,116.0,128.0,118.0,116.0,128.0,130.0,144.0,136.0,136.0,138.0,142.0,136.0,138.0,138.0,132.0,146.0,130.0,134.0,132.0,134.0,128.0,144.0,124.0,144.0,146.0,122.0,146.0,124.0,134.0,134.0,128.0,128.0,132.0,144.0,146.0,124.0,130.0,135.0,140.0,150.0,130.0,150.0,138.0,140.0,126.0,136.0,128.0,146.0,138.0,150.0,144.0,146.0,130.0,142.0,134.0,130.0,120.0,126.0,130.0,120.0,150.0,134.0,138.0,132.0,154.0,134.0,142.0,136.0,130.0,138.0,148.0,138.0,152.0,144.0,140.0,150.0,132.0,150.0,150.0,132.0,132.0,138.0,130.0,124.0,144.0,118.0,134.0,132.0,130.0,134.0,132.0,128.0,138.0,136.0,130.0,126.0,150.0,130.0,134.0,144.0,130.0,150.0,136.0,138.0,130.0,126.0,118.0,134.0,142.0,138.0,140.0,142.0,126.0,128.0,126.0,136.0,142.0,140.0,152.0,146.0,152.0,144.0,158.0,140.0,146.0,140.0,136.0,140.0,124.0,128.0,136.0,118.0,134.0,134.0,134.0,148.0,124.0,118.0,132.0,132.0,134.0,126.0,128.0,132.0,132.0,134.0,130.0,126.0,124.0,130.0,136.0,122.0,140.0,128.0,114.0,122.0,114.0,118.0,120.0,122.0,126.0,128.0,124.0,118.0,130.0,132.0,134.0,126.0,136.0,124.0,120.0,134.0,128.0,126.0,128.0,124.0,140.0,124.0,128.0,128.0,124.0,130.0,128.0,132.0,132.0,128.0,128.0,122.0,112.0,128.0,130.0,132.0,128.0,134.0,112.0,120.0,122.0,132.0,132.0,134.0,152.0,132.0,134.0,128.0,134.0,134.0,124.0,120.0,140.0,124.0,130.0,140.0,144.0,136.0,136.0,128.0,132.0,128.0,134.0,136.0,128.0,122.0,132.0,118.0,112.0,130.0,152.0,128.0,128.0,146.0,128.0,140.0,124.0,144.0,136.0,142.0,120.0,134.0,120.0,144.0,134.0,138.0,132.0,128.0,126.0,136.0,130.0,134.0,146.0,130.0,130.0,136.0,126.0,138.0,122.0,134.0,110.0,138.0,128.0,130.0,126.0,124.0,138.0,124.0,150.0,136.0,136.0,132.0,124.0,150.0,148.0,144.0,138.0,154.0,132.0,134.0,122.0,132.0,136.0,136.0,130.0,140.0,130.0,140.0,130.0,156.0,124.0,132.0,132.0,130.0,132.0,130.0,114.0,132.0,136.0,142.0,134.0,126.0,130.0,146.0,138.0,158.0,138.0,142.0,146.0,144.0,140.0,148.0,136.0,134.0,134.0,134.0,132.0,142.0,148.0,126.0,144.0,126.0,136.0,122.0,152.0,142.0,128.0,148.0,138.0,140.0,122.0,146.0,140.0,140.0,130.0,142.0,136.0,136.0,148.0,148.0,138.0,140.0,138.0,140.0,148.0,156.0,138.0,144.0,150.0,150.0,146.0,132.0,144.0,132.0,146.0,138.0,138.0,136.0,150.0,148.0,142.0,136.0,130.0,122.0,142.0,164.0,148.0,150.0,144.0,140.0,134.0,146.0,146.0,128.0,144.0,140.0,152.0,152.0,138.0,142.0,154.0,148.0,150.0,138.0,154.0,152.0,146.0,152.0,144.0,146.0,142.0,138.0,124.0,150.0,142.0,164.0,142.0,142.0,136.0,144.0,156.0,142.0,140.0,142.0,156.0,150.0,154.0,136.0,148.0,144.0,138.0,160.0,146.0,144.0,140.0,152.0,142.0,142.0,144.0,148.0,162.0,152.0,144.0,142.0,154.0,144.0,164.0,144.0,156.0,152.0,140.0,134.0,156.0,146.0,140.0,146.0,156.0,154.0,166.0,152.0,140.0,154.0,154.0,154.0,168.0,140.0,158.0,138.0,144.0,150.0,150.0,154.0,158.0,146.0,154.0,156.0,162.0,154.0,154.0,154.0,156.0,152.0,132.0,154.0,164.0,152.0,164.0,156.0,158.0,160.0,156.0,150.0,148.0,158.0,146.0,158.0,148.0,166.0,150.0,148.0,152.0,138.0,168.0,132.0,158.0,148.0,154.0,148.0,152.0,154.0,144.0,168.0,142.0,140.0,148.0,130.0,154.0,162.0,150.0,160.0,144.0,172.0,164.0,148.0,154.0,168.0,162.0,182.0,158.0,154.0,134.0,154.0,152.0,170.0,164.0,144.0,162.0,154.0,144.0,148.0,182.0,166.0,184.0,152.0,154.0,158.0,170.0,150.0,156.0,164.0,144.0,166.0,140.0,156.0,180.0,158.0,150.0,162.0,148.0,158.0,168.0,166.0,186.0,156.0,156.0,150.0,158.0,174.0,166.0,148.0,152.0,160.0,144.0,158.0,158.0,172.0,154.0,166.0,146.0,170.0,166.0,168.0,146.0,142.0,142.0,168.0,180.0,146.0,166.0,164.0,156.0,158.0,168.0,154.0,164.0,168.0,150.0,160.0,162.0,160.0,162.0,172.0,172.0,168.0,154.0,156.0,158.0,168.0,178.0,150.0,162.0,156.0,150.0,170.0,154.0,160.0,160.0,160.0,170.0,162.0,166.0,150.0,152.0,168.0,158.0,150.0,164.0,172.0,148.0,160.0,160.0,160.0,156.0,170.0,154.0,166.0,150.0,156.0,148.0,156.0,158.0,170.0,150.0,176.0,158.0,156.0,156.0,180.0,156.0,158.0,164.0,146.0,166.0,164.0,168.0,156.0,144.0,150.0,150.0,150.0,158.0,146.0,158.0,148.0,170.0,156.0,148.0,168.0,158.0,178.0,168.0,160.0,144.0,154.0,166.0,184.0,174.0,158.0,150.0,158.0,182.0,160.0,168.0,142.0,156.0,148.0,166.0,156.0,160.0,166.0,152.0,158.0,156.0
10.84085,4.6797200000000005,90.0,96.0,100.0,84.0,88.0,92.0,92.0,94.0,90.0,92.0,90.0,98.0,102.0,92.0,100.0,90.0,100.0,96.0,88.0,102.0,106.0,102.0,104.0,106.0,96.0,108.0,104.0,110.0,120.0,100.0,94.0,94.0,110.0,98.0,108.0,98.0,92.0,100.0,108.0,90.0,84.0,112.0,114.0,88.0,94.0,100.0,86.0,98.0,108.0,105.0,102.0,118.0,98.0,90.0,108.0,112.0,120.0,98.0,114.0,112.0,102.0,110.0,106.0,100.0,104.0,96.0,102.0,106.0,86.0,118.0,112.0,90.0,122.0,108.0,122.0,108.0,114.0,106.0,96.0,94.0,112.0,106.0,108.0,110.0,104.0,118.0,114.0,106.0,116.0,106.0,108.0,116.0,114.0,108.0,108.0,112.0,104.0,100.0,84.0,96.0,104.0,104.0,94.0,88.0,92.0,94.0,100.0,108.0,90.0,92.0,92.0,104.0,106.0,98.0,106.0,100.0,106.0,90.0,106.0,108.0,100.0,102.0,100.0,110.0,108.0,94.0,98.0,94.0,84.0,108.0,100.0,100.0,98.0,114.0,116.0,110.0,116.0,116.0,118.0,106.0,98.0,108.0,100.0,98.0,100.0,102.0,102.0,102.0,106.0,108.0,106.0,100.0,106.0,98.0,94.0,106.0,96.0,94.0,100.0,112.0,104.0,100.0,106.0,88.0,90.0,106.0,120.0,96.0,96.0,112.0,114.0,108.0,104.0,96.0,110.0,102.0,86.0,96.0,96.0,106.0,122.0,104.0,100.0,116.0,98.0,108.0,104.0,104.0,94.0,88.0,98.0,104.0,98.0,104.0,98.0,108.0,88.0,104.0,92.0,106.0,102.0,102.0,108.0,96.0,106.0,98.0,112.0,104.0,102.0,100.0,108.0,100.0,102.0,118.0,108.0,102.0,116.0,108.0,98.0,112.0,108.0,108.0,106.0,106.0,114.0,106.0,106.0,110.0,118.0,104.0,110.0,102.0,108.0,102.0,100.0,108.0,106.0,118.0,106.0,114.0,112.0,108.0,104.0,104.0,106.0,94.0,108.0,116.0,112.0,108.0,108.0,90.0,110.0,92.0,92.0,120.0,106.0,102.0,106.0,100.0,106.0,118.0,116.0,116.0,116.0,92.0,108.0,106.0,104.0,110.0,108.0,122.0,96.0,108.0,106.0,122.0,106.0,120.0,102.0,104.0,114.0,108.0,108.0,100.0,122.0,112.0,108.0,104.0,104.0,118.0,112.0,100.0,108.0,100.0,132.0,120.0,116.0,106.0,126.0,116.0,120.0,110.0,126.0,122.0,122.0,106.0,114.0,120.0,114.0,120.0,106.0,114.0,134.0,118.0,122.0,118.0,114.0,110.0,120.0,116.0,122.0,112.0,108.0,102.0,112.0,116.0,122.0,116.0,122.0,118.0,138.0,120.0,124.0,116.0,108.0,116.0,138.0,116.0,116.0,104.0,130.0,116.0,120.0,124.0,106.0,138.0,98.0,120.0,120.0,112.0,110.0,128.0,112.0,122.0,126.0,118.0,116.0,126.0,122.0,128.0,128.0,124.0,124.0,134.0,128.0,130.0,128.0,122.0,126.0,122.0,116.0,120.0,126.0,124.0,114.0,114.0,116.0,126.0,122.0,130.0,126.0,126.0,128.0,116.0,112.0,126.0,126.0,122.0,126.0,116.0,124.0,130.0,130.0,122.0,126.0,128.0,126.0,110.0,112.0,126.0,128.0,132.0,130.0,122.0,132.0,128.0,138.0,116.0,118.0,124.0,124.0,118.0,148.0,126.0,118.0,128.0,140.0,130.0,128.0,124.0,118.0,138.0,128.0,126.0,112.0,134.0,128.0,114.0,126.0,122.0,130.0,110.0,122.0,116.0,134.0,132.0,116.0,122.0,124.0,126.0,130.0,128.0,138.0,132.0,128.0,120.0,126.0,144.0,122.0,136.0,122.0,136.0,128.0,140.0,124.0,118.0,128.0,110.0,118.0,136.0,136.0,132.0,138.0,114.0,144.0,148.0,140.0,132.0,132.0,128.0,146.0,130.0,136.0,144.0,132.0,140.0,120.0,122.0,132.0,132.0,134.0,124.0,130.0,128.0,132.0,134.0,124.0,134.0,116.0,136.0,118.0,116.0,128.0,124.0,138.0,132.0,124.0,124.0,120.0,128.0,136.0,142.0,122.0,144.0,150.0,134.0,150.0,138.0,142.0,122.0,144.0,128.0,134.0,128.0,132.0,134.0,118.0,128.0,132.0,134.0,150.0,138.0,120.0,134.0,136.0,122.0,138.0,132.0,130.0,130.0,126.0,128.0,146.0,122.0,130.0,130.0,138.0,134.0,134.0,148.0,134.0,126.0,136.0,138.0,144.0,140.0,134.0,142.0,134.0,134.0,126.0,138.0,146.0,130.0,128.0,124.0,138.0,130.0,142.0,128.0,140.0,120.0,136.0,136.0,128.0,140.0,142.0,134.0,138.0,130.0,142.0,128.0,130.0,140.0,130.0,140.0,146.0,130.0,128.0,150.0,134.0,134.0,136.0,140.0,140.0,130.0,124.0,120.0,136.0,110.0,130.0,134.0,144.0,140.0,152.0,138.0,142.0,134.0,146.0,140.0,140.0,144.0,142.0,130.0,144.0,138.0,124.0,138.0,152.0,136.0,134.0,140.0,140.0,140.0,144.0,130.0,168.0,132.0,146.0,124.0,154.0,138.0,134.0,152.0,128.0,136.0,144.0,136.0,132.0,140.0,132.0,130.0,152.0,144.0,138.0,146.0,150.0,128.0,144.0,152.0,126.0,140.0,140.0,146.0,136.0,142.0,142.0,134.0,144.0,142.0,140.0,134.0,140.0,146.0,146.0,140.0,138.0,136.0,128.0,130.0,136.0,148.0,148.0,138.0,148.0,134.0,136.0,146.0,126.0,148.0,136.0,130.0,120.0,142.0,150.0,140.0,142.0,164.0,160.0,140.0,148.0
10.84085,6.23962,74.0,70.0,62.0,72.0,60.0,60.0,52.0,76.0,58.0,72.0,64.0,72.0,72.0,72.0,70.0,78.0,66.0,74.0,84.0,86.0,74.0,74.0,64.0,68.0,70.0,74.0,70.0,84.0,74.0,80.0,68.0,68.0,74.0,80.0,72.0,76.0,74.0,74.0,80.0,84.0,76.0,80.0,64.0,64.0,80.0,82.0,78.0,76.0,78.0,82.0,84.0,76.0,74.0,70.0,68.0,80.0,58.0,74.0,74.0,98.0,82.0,84.0,64.0,78.0,76.0,76.0,72.0,78.0,74.0,88.0,80.0,58.0,92.0,82.0,88.0,76.0,86.0,68.0,82.0,86.0,84.0,82.0,74.0,86.0,78.0,78.0,100.0,88.0,72.0,78.0,94.0,72.0,82.0,88.0,86.0,64.0,82.0,80.0,72.0,60.0,72.0,80.0,72.0,62.0,72.0,74.0,74.0,72.0,80.0,70.0,76.0,64.0,66.0,82.0,70.0,60.0,68.0,78.0,72.0,70.0,60.0,76.0,76.0,80.0,72.0,70.0,72.0,66.0,80.0,56.0,68.0,80.0,74.0,86.0,66.0,70.0,70.0,72.0,76.0,62.0,80.0,82.0,68.0,78.0,70.0,72.0,78.0,68.0,80.0,78.0,72.0,80.0,70.0,84.0,78.0,58.0,70.0,76.0,84.0,76.0,84.0,74.0,64.0,74.0,64.0,68.0,76.0,70.0,68.0,78.0,64.0,66.0,80.0,74.0,80.0,80.0,72.0,72.0,74.0,74.0,80.0,68.0,76.0,78.0,80.0,74.0,80.0,76.0,74.0,88.0,66.0,66.0,74.0,72.0,68.0,68.0,74.0,78.0,84.0,74.0,70.0,68.0,62.0,76.0,76.0,70.0,82.0,80.0,74.0,64.0,74.0,62.0,66.0,72.0,74.0,74.0,80.0,76.0,72.0,66.0,84.0,76.0,76.0,80.0,78.0,72.0,76.0,78.0,70.0,68.0,68.0,70.0,64.0,88.0,68.0,66.0,68.0,82.0,74.0,84.0,76.0,84.0,82.0,76.0,82.0,82.0,72.0,72.0,84.0,78.0,72.0,66.0,70.0,72.0,66.0,86.0,78.0,80.0,86.0,72.0,72.0,70.0,66.0,84.0,82.0,74.0,72.0,76.0,78.0,74.0,84.0,66.0,72.0,82.0,82.0,84.0,80.0,84.0,76.0,76.0,80.0,68.0,74.0,82.0,84.0,86.0,76.0,92.0,74.0,80.0,86.0,74.0,78.0,78.0,88.0,74.0,82.0,74.0,76.0,74.0,68.0,78.0,80.0,86.0,74.0,82.0,74.0,94.0,90.0,76.0,76.0,88.0,72.0,84.0,82.0,77.0,72.0,80.0,80.0,76.0,92.0,84.0,84.0,92.0,82.0,84.0,74.0,70.0,86.0,88.0,90.0,82.0,76.0,68.0,72.0,88.0,76.0,76.0,78.0,92.0,100.0,90.0,96.0,96.0,90.0,86.0,80.0,78.0,84.0,82.0,90.0,92.0,92.0,96.0,80.0,92.0,74.0,90.0,78.0,86.0,86.0,84.0,94.0,86.0,76.0,84.0,78.0,100.0,86.0,86.0,94.0,88.0,84.0,76.0,78.0,90.0,84.0,94.0,88.0,76.0,86.0,90.0,86.0,80.0,100.0,84.0,86.0,86.0,86.0,96.0,84.0,90.0,80.0,86.0,88.0,84.0,98.0,104.0,98.0,86.0,86.0,84.0,90.0,90.0,90.0,88.0,88.0,88.0,94.0,78.0,88.0,76.0,88.0,86.0,90.0,98.0,102.0,92.0,90.0,88.0,96.0,102.0,90.0,96.0,84.0,86.0,88.0,98.0,92.0,84.0,90.0,92.0,90.0,92.0,98.0,92.0,82.0,98.0,92.0,90.0,106.0,90.0,92.0,88.0,86.0,90.0,82.0,94.0,90.0,94.0,92.0,94.0,76.0,94.0,90.0,104.0,90.0,90.0,90.0,100.0,92.0,88.0,100.0,82.0,92.0,86.0,90.0,98.0,106.0,92.0,90.0,94.0,90.0,94.0,96.0,86.0,82.0,88.0,90.0,94.0,96.0,92.0,90.0,90.0,84.0,90.0,102.0,82.0,86.0,76.0,100.0,94.0,98.0,96.0,80.0,90.0,98.0,94.0,102.0,94.0,98.0,96.0,84.0,86.0,102.0,94.0,102.0,108.0,102.0,94.0,88.0,114.0,90.0,110.0,86.0,96.0,96.0,84.0,92.0,98.0,98.0,96.0,98.0,90.0,82.0,92.0,88.0,90.0,92.0,92.0,96.0,94.0,94.0,108.0,86.0,102.0,114.0,88.0,108.0,96.0,88.0,98.0,86.0,102.0,90.0,92.0,96.0,94.0,88.0,82.0,96.0,96.0,92.0,102.0,92.0,106.0,76.0,90.0,92.0,94.0,102.0,74.0,90.0,92.0,90.0,94.0,88.0,76.0,80.0,88.0,88.0,92.0,82.0,88.0,92.0,96.0,90.0,100.0,86.0,92.0,90.0,84.0,102.0,94.0,92.0,86.0,94.0,82.0,94.0,104.0,88.0,90.0,78.0,108.0,92.0,96.0,94.0,90.0,100.0,104.0,98.0,98.0,88.0,104.0,96.0,90.0,98.0,90.0,92.0,100.0,92.0,96.0,84.0,104.0,96.0,96.0,102.0,96.0,106.0,100.0,102.0,96.0,110.0,94.0,94.0,102.0,98.0,94.0,96.0,98.0,98.0,90.0,104.0,104.0,88.0,96.0,84.0,104.0,112.0,84.0,96.0,88.0,86.0,90.0,98.0,94.0,102.0,104.0,100.0,98.0,94.0,84.0,104.0,96.0,106.0,98.0,102.0,90.0,94.0,106.0,88.0,98.0,90.0,100.0,104.0,106.0,98.0,98.0,112.0,98.0,94.0,108.0,94.0,98.0,96.0,96.0,98.0,98.0,96.0,96.0,102.0
10.84085,7.799523000000001,48.0,56.0,54.0,56.0,50.0,46.0,48.0,54.0,46.0,54.0,46.0,48.0,56.0,38.0,44.0,40.0,60.0,64.0,60.0,64.0,62.0,58.0,62.0,50.0,60.0,56.0,70.0,60.0,58.0,56.0,58.0,52.0,62.0,54.0,60.0,60.0,54.0,52.0,50.0,56.0,66.0,54.0,56.0,60.0,50.0,64.0,42.0,52.0,52.0,58.0,64.0,50.0,46.0,58.0,60.0,54.0,56.0,54.0,60.0,64.0,56.0,46.0,50.0,58.0,54.0,60.0,62.0,58.0,58.0,56.0,64.0,64.0,76.0,64.0,68.0,64.0,68.0,64.0,62.0,60.0,58.0,58.0,68.0,64.0,66.0,66.0,64.0,66.0,72.0,66.0,66.0,64.0,66.0,66.0,56.0,60.0,56.0,54.0,48.0,52.0,56.0,36.0,54.0,46.0,38.0,48.0,52.0,50.0,52.0,52.0,46.0,56.0,48.0,44.0,46.0,52.0,38.0,46.0,50.0,56.0,52.0,48.0,48.0,44.0,50.0,46.0,48.0,56.0,46.0,52.0,52.0,44.0,50.0,54.0,46.0,44.0,48.0,46.0,54.0,50.0,50.0,42.0,46.0,50.0,48.0,56.0,52.0,44.0,50.0,54.0,46.0,44.0,48.0,40.0,42.0,48.0,36.0,50.0,40.0,40.0,48.0,46.0,52.0,40.0,46.0,44.0,40.0,50.0,40.0,46.0,40.0,46.0,46.0,50.0,50.0,46.0,46.0,46.0,48.0,52.0,48.0,38.0,48.0,64.0,44.0,46.0,54.0,56.0,48.0,52.0,46.0,56.0,48.0,60.0,52.0,52.0,52.0,54.0,54.0,52.0,50.0,48.0,44.0,48.0,40.0,46.0,42.0,48.0,44.0,42.0,42.0,50.0,48.0,50.0,48.0,50.0,44.0,46.0,42.0,46.0,38.0,48.0,46.0,50.0,52.0,42.0,50.0,50.0,56.0,40.0,38.0,46.0,40.0,42.0,46.0,40.0,44.0,42.0,40.0,48.0,46.0,40.0,38.0,38.0,38.0,36.0,38.0,44.0,46.0,42.0,38.0,46.0,44.0,46.0,42.0,50.0,52.0,44.0,42.0,50.0,46.0,46.0,44.0,46.0,44.0,48.0,38.0,46.0,40.0,42.0,46.0,42.0,36.0,42.0,40.0,44.0,42.0,48.0,36.0,38.0,38.0,48.0,40.0,44.0,38.0,40.0,38.0,36.0,38.0,38.0,46.0,44.0,48.0,42.0,46.0,46.0,40.0,46.0,40.0,48.0,42.0,44.0,44.0,52.0,50.0,38.0,38.0,48.0,42.0,46.0,46.0,48.0,38.0,44.0,36.0,38.0,40.0,44.0,48.0,40.0,50.0,44.0,42.0,48.0,42.0,36.0,50.0,46.0,52.0,44.0,48.0,40.0,46.0,50.0,44.0,44.0,42.0,50.0,52.0,44.0,44.0,48.0,42.0,42.0,50.0,42.0,46.0,38.0,44.0,50.0,48.0,48.0,44.0,54.0,40.0,52.0,36.0,42.0,48.0,54.0,44.0,46.0,48.0,40.0,40.0,44.0,52.0,48.0,46.0,36.0,42.0,46.0,48.0,44.0,44.0,52.0,46.0,48.0,54.0,46.0,52.0,50.0,40.0,46.0,50.0,52.0,48.0,48.0,44.0,44.0,48.0,46.0,48.0,52.0,46.0,56.0,52.0,52.0,54.0,44.0,48.0,44.0,52.0,56.0,48.0,38.0,44.0,52.0,48.0,50.0,46.0,52.0,58.0,54.0,48.0,52.0,56.0,46.0,50.0,52.0,58.0,58.0,60.0,54.0,44.0,54.0,56.0,48.0,44.0,46.0,54.0,54.0,56.0,48.0,50.0,44.0,40.0,38.0,46.0,56.0,46.0,44.0,50.0,54.0,48.0,48.0,44.0,54.0,52.0,54.0,50.0,60.0,52.0,50.0,48.0,56.0,50.0,52.0,52.0,46.0,56.0,42.0,58.0,58.0,48.0,50.0,50.0,48.0,54.0,40.0,54.0,52.0,46.0,50.0,52.0,50.0,56.0,50.0,56.0,48.0,60.0,54.0,56.0,48.0,56.0,56.0,56.0,52.0,42.0,54.0,52.0,48.0,54.0,42.0,54.0,56.0,56.0,52.0,46.0,52.0,54.0,42.0,54.0,50.0,58.0,46.0,56.0,48.0,54.0,56.0,50.0,54.0,46.0,50.0,50.0,40.0,44.0,52.0,54.0,54.0,56.0,56.0,50.0,50.0,52.0,52.0,52.0,56.0,58.0,40.0,52.0,42.0,54.0,48.0,48.0,44.0,46.0,52.0,46.0,54.0,52.0,52.0,58.0,52.0,48.0,52.0,48.0,50.0,44.0,54.0,52.0,44.0,48.0,56.0,46.0,52.0,50.0,42.0,60.0,62.0,50.0,46.0,56.0,44.0,50.0,50.0,40.0,46.0,52.0,46.0,56.0,42.0,54.0,48.0,50.0,50.0,52.0,46.0,54.0,58.0,50.0,54.0,46.0,52.0,52.0,56.0,52.0,42.0,48.0,50.0,52.0,52.0,54.0,52.0,56.0,50.0,52.0,40.0,52.0,56.0,48.0,46.0,46.0,54.0,44.0,56.0,48.0,54.0,50.0,48.0,56.0,42.0,44.0,48.0,54.0,54.0,52.0,40.0,50.0,44.0,40.0,48.0,54.0,40.0,48.0,58.0,50.0,48.0,54.0,46.0,42.0,48.0,46.0,52.0,42.0,46.0,58.0,48.0,48.0,46.0,52.0,44.0,52.0,50.0,52.0,54.0,54.0,54.0,58.0,50.0,46.0,50.0,48.0,42.0,50.0,46.0,46.0,46.0,46.0,52.0,42.0,52.0,52.0,50.0,42.0,48.0,48.0,52.0,54.0,56.0,54.0,44.0,46.0,46.0,50.0,46.0,50.0,44.0,48.0,42.0,48.0
10.84085,9.35943,82.0,84.0,70.0,70.0,84.0,82.0,78.0,84.0,74.0,86.0,80.0,74.0,74.0,76.0,92.0,80.0,78.0,90.0,88.0,82.0,86.0,78.0,74.0,70.0,102.0,86.0,92.0,98.0,92.0,82.0,80.0,98.0,78.0,86.0,86.0,88.0,86.0,82.0,88.0,88.0,90.0,88.0,100.0,94.0,92.0,90.0,70.0,84.0,94.0,99.0,104.0,90.0,86.0,84.0,86.0,88.0,90.0,84.0,76.0,98.0,78.0,96.0,90.0,96.0,86.0,90.0,98.0,92.0,98.0,82.0,104.0,102.0,92.0,106.0,90.0,100.0,100.0,108.0,102.0,82.0,104.0,92.0,98.0,96.0,76.0,88.0,98.0,98.0,100.0,102.0,92.0,102.0,94.0,88.0,94.0,92.0,92.0,92.0,80.0,96.0,80.0,84.0,76.0,92.0,92.0,76.0,88.0,88.0,88.0,82.0,94.0,74.0,84.0,88.0,88.0,84.0,82.0,74.0,72.0,88.0,82.0,82.0,92.0,88.0,78.0,92.0,78.0,80.0,94.0,78.0,80.0,82.0,92.0,82.0,92.0,88.0,94.0,84.0,82.0,98.0,90.0,86.0,92.0,80.0,74.0,92.0,80.0,86.0,78.0,96.0,90.0,88.0,88.0,70.0,82.0,92.0,90.0,82.0,92.0,90.0,98.0,86.0,80.0,86.0,86.0,80.0,96.0,84.0,100.0,84.0,94.0,96.0,76.0,88.0,78.0,92.0,94.0,106.0,96.0,84.0,90.0,92.0,102.0,80.0,90.0,100.0,106.0,96.0,96.0,82.0,94.0,94.0,94.0,102.0,98.0,90.0,88.0,98.0,92.0,96.0,94.0,98.0,94.0,86.0,82.0,92.0,86.0,92.0,92.0,94.0,88.0,90.0,92.0,94.0,102.0,96.0,98.0,90.0,88.0,86.0,94.0,98.0,90.0,98.0,90.0,96.0,88.0,102.0,78.0,92.0,74.0,80.0,90.0,86.0,86.0,90.0,90.0,90.0,86.0,72.0,86.0,80.0,100.0,90.0,86.0,86.0,92.0,88.0,98.0,92.0,94.0,86.0,92.0,94.0,86.0,108.0,94.0,92.0,94.0,80.0,98.0,102.0,76.0,92.0,92.0,86.0,88.0,100.0,108.0,82.0,74.0,102.0,98.0,82.0,84.0,86.0,88.0,106.0,90.0,98.0,106.0,82.0,98.0,82.0,94.0,102.0,90.0,80.0,96.0,88.0,100.0,88.0,94.0,90.0,88.0,94.0,104.0,86.0,102.0,92.0,98.0,100.0,94.0,104.0,96.0,106.0,94.0,86.0,102.0,98.0,94.0,88.0,90.0,104.0,102.0,100.0,98.0,92.0,94.0,106.0,92.0,98.0,102.0,98.0,96.0,94.0,104.0,94.0,98.0,90.0,94.0,102.0,102.0,108.0,90.0,98.0,90.0,92.0,96.0,100.0,82.0,100.0,96.0,106.0,88.0,104.0,100.0,98.0,100.0,98.0,90.0,96.0,116.0,90.0,106.0,116.0,104.0,108.0,98.0,108.0,110.0,98.0,110.0,108.0,96.0,114.0,102.0,104.0,104.0,102.0,102.0,106.0,104.0,106.0,116.0,114.0,108.0,96.0,106.0,100.0,112.0,114.0,114.0,106.0,100.0,96.0,104.0,106.0,112.0,104.0,100.0,92.0,102.0,108.0,106.0,104.0,106.0,110.0,106.0,108.0,126.0,104.0,98.0,108.0,110.0,106.0,112.0,110.0,112.0,98.0,116.0,102.0,112.0,126.0,104.0,120.0,106.0,114.0,116.0,116.0,114.0,110.0,106.0,100.0,124.0,106.0,116.0,110.0,108.0,120.0,114.0,118.0,104.0,112.0,120.0,114.0,108.0,106.0,108.0,110.0,108.0,108.0,112.0,106.0,106.0,110.0,104.0,106.0,112.0,100.0,104.0,114.0,114.0,112.0,110.0,116.0,114.0,106.0,114.0,114.0,120.0,114.0,120.0,100.0,114.0,102.0,130.0,124.0,130.0,114.0,126.0,120.0,126.0,120.0,100.0,108.0,114.0,110.0,108.0,126.0,110.0,116.0,106.0,116.0,102.0,120.0,110.0,114.0,108.0,94.0,114.0,120.0,120.0,110.0,100.0,106.0,112.0,110.0,126.0,118.0,102.0,116.0,98.0,108.0,120.0,118.0,122.0,130.0,118.0,114.0,120.0,124.0,118.0,118.0,110.0,114.0,122.0,110.0,104.0,118.0,100.0,112.0,104.0,114.0,118.0,114.0,114.0,108.0,110.0,128.0,118.0,108.0,116.0,114.0,116.0,106.0,132.0,114.0,114.0,120.0,114.0,120.0,114.0,116.0,106.0,112.0,114.0,124.0,110.0,120.0,118.0,132.0,114.0,122.0,98.0,104.0,104.0,120.0,120.0,106.0,120.0,120.0,110.0,122.0,118.0,102.0,114.0,116.0,124.0,118.0,118.0,104.0,108.0,114.0,120.0,106.0,122.0,120.0,110.0,122.0,112.0,116.0,120.0,106.0,118.0,108.0,110.0,110.0,120.0,124.0,130.0,118.0,114.0,110.0,126.0,114.0,126.0,132.0,108.0,104.0,120.0,124.0,114.0,122.0,122.0,124.0,116.0,104.0,118.0,108.0,118.0,114.0,118.0,126.0,110.0,114.0,106.0,110.0,110.0,118.0,132.0,112.0,120.0,122.0,108.0,114.0,122.0,112.0,102.0,112.0,136.0,126.0,116.0,114.0,128.0,124.0,130.0,104.0,124.0,128.0,114.0,100.0,118.0,118.0,132.0,116.0,126.0,146.0,104.0,130.0,114.0,122.0,134.0,120.0,112.0,120.0,128.0,130.0,120.0,106.0,114.0,110.0,130.0,122.0,126.0,110.0,112.0,136.0,122.0,112.0,126.0,138.0,110.0,120.0,114.0,116.0,122.0,118.0,130.0,132.0,112.0
10.84085,10.91933,60.0,54.0,54.0,64.0,44.0,68.0,50.0,54.0,54.0,58.0,50.0,66.0,56.0,52.0,60.0,56.0,64.0,72.0,60.0,64.0,62.0,72.0,62.0,64.0,62.0,66.0,76.0,68.0,66.0,58.0,62.0,64.0,62.0,60.0,68.0,82.0,62.0,56.0,76.0,62.0,54.0,66.0,74.0,54.0,58.0,68.0,78.0,74.0,78.0,74.0,70.0,58.0,66.0,62.0,58.0,70.0,74.0,68.0,62.0,70.0,74.0,56.0,72.0,68.0,68.0,62.0,58.0,68.0,74.0,64.0,74.0,80.0,78.0,74.0,76.0,76.0,66.0,68.0,72.0,60.0,64.0,68.0,68.0,74.0,78.0,70.0,82.0,70.0,78.0,78.0,68.0,68.0,80.0,58.0,62.0,62.0,58.0,50.0,64.0,62.0,58.0,56.0,60.0,68.0,58.0,56.0,64.0,66.0,70.0,76.0,54.0,68.0,56.0,76.0,60.0,66.0,60.0,58.0,58.0,56.0,60.0,66.0,58.0,62.0,48.0,54.0,60.0,44.0,60.0,68.0,60.0,58.0,56.0,74.0,68.0,62.0,58.0,64.0,62.0,54.0,64.0,58.0,50.0,58.0,64.0,60.0,56.0,66.0,66.0,60.0,66.0,62.0,66.0,62.0,66.0,62.0,70.0,64.0,64.0,50.0,54.0,56.0,52.0,74.0,52.0,60.0,66.0,60.0,64.0,64.0,64.0,66.0,62.0,58.0,68.0,60.0,56.0,64.0,60.0,68.0,70.0,72.0,56.0,76.0,68.0,74.0,76.0,68.0,70.0,76.0,76.0,70.0,80.0,70.0,78.0,68.0,62.0,74.0,68.0,74.0,66.0,80.0,74.0,62.0,48.0,68.0,56.0,60.0,54.0,70.0,54.0,60.0,62.0,60.0,66.0,54.0,60.0,68.0,50.0,68.0,54.0,54.0,64.0,76.0,52.0,58.0,62.0,62.0,62.0,62.0,52.0,56.0,52.0,60.0,60.0,56.0,54.0,60.0,50.0,60.0,52.0,58.0,60.0,56.0,52.0,44.0,60.0,52.0,64.0,60.0,54.0,58.0,58.0,64.0,56.0,66.0,58.0,70.0,66.0,54.0,62.0,56.0,62.0,56.0,52.0,66.0,62.0,58.0,54.0,56.0,60.0,62.0,54.0,52.0,54.0,52.0,54.0,48.0,64.0,48.0,58.0,52.0,48.0,54.0,58.0,44.0,62.0,50.0,58.0,48.0,66.0,60.0,62.0,56.0,54.0,50.0,66.0,54.0,52.0,62.0,52.0,54.0,60.0,62.0,58.0,54.0,60.0,54.0,58.0,66.0,62.0,62.0,56.0,58.0,58.0,62.0,66.0,60.0,58.0,58.0,56.0,64.0,62.0,58.0,50.0,58.0,56.0,64.0,58.0,58.0,72.0,66.0,60.0,72.0,58.0,66.0,54.0,58.0,62.0,68.0,60.0,66.0,52.0,58.0,52.0,64.0,54.0,62.0,66.0,60.0,64.0,58.0,60.0,64.0,60.0,54.0,56.0,58.0,62.0,70.0,62.0,58.0,64.0,50.0,74.0,62.0,54.0,58.0,62.0,62.0,58.0,60.0,56.0,58.0,62.0,62.0,64.0,62.0,54.0,66.0,64.0,68.0,58.0,60.0,66.0,62.0,70.0,58.0,48.0,56.0,66.0,52.0,62.0,50.0,64.0,64.0,54.0,72.0,62.0,56.0,76.0,66.0,56.0,70.0,66.0,64.0,62.0,68.0,64.0,60.0,58.0,66.0,72.0,68.0,66.0,60.0,60.0,66.0,62.0,58.0,62.0,64.0,62.0,74.0,74.0,66.0,58.0,62.0,70.0,68.0,54.0,64.0,70.0,52.0,74.0,68.0,74.0,62.0,52.0,62.0,70.0,66.0,62.0,70.0,68.0,68.0,58.0,70.0,62.0,72.0,70.0,68.0,60.0,64.0,52.0,70.0,62.0,60.0,66.0,62.0,68.0,72.0,66.0,58.0,70.0,70.0,64.0,62.0,62.0,74.0,60.0,68.0,58.0,72.0,48.0,62.0,56.0,58.0,66.0,62.0,70.0,60.0,62.0,74.0,66.0,60.0,64.0,76.0,64.0,60.0,62.0,62.0,62.0,72.0,60.0,58.0,64.0,68.0,72.0,64.0,70.0,60.0,70.0,66.0,64.0,66.0,64.0,58.0,72.0,58.0,68.0,74.0,66.0,62.0,58.0,68.0,66.0,68.0,68.0,62.0,54.0,74.0,56.0,62.0,56.0,58.0,58.0,70.0,78.0,70.0,58.0,64.0,64.0,74.0,72.0,72.0,70.0,54.0,66.0,66.0,76.0,66.0,70.0,64.0,66.0,68.0,58.0,62.0,68.0,62.0,56.0,58.0,64.0,68.0,66.0,60.0,68.0,54.0,54.0,54.0,64.0,56.0,76.0,70.0,68.0,74.0,68.0,64.0,78.0,74.0,66.0,64.0,62.0,62.0,62.0,68.0,62.0,64.0,70.0,72.0,52.0,74.0,56.0,62.0,60.0,50.0,64.0,66.0,72.0,70.0,66.0,62.0,68.0,72.0,44.0,62.0,64.0,64.0,72.0,60.0,56.0,72.0,68.0,64.0,62.0,74.0,68.0,56.0,66.0,64.0,58.0,68.0,64.0,64.0,64.0,74.0,66.0,78.0,80.0,62.0,64.0,60.0,76.0,68.0,70.0,68.0,78.0,74.0,68.0,64.0,74.0,66.0,68.0,74.0,68.0,70.0,60.0,68.0,74.0,66.0,62.0,68.0,62.0,70.0,74.0,68.0,56.0,72.0,56.0,66.0,66.0,50.0,64.0,62.0,68.0,62.0,62.0,70.0,64.0,66.0,72.0,68.0,68.0,60.0,64.0,66.0,60.0,74.0,70.0,68.0,68.0,62.0,66.0,66.0,62.0,68.0,64.0,68.0,68.0,72.0,74.0
10.84085,12.479230000000001,52.0,58.0,56.0,58.0,50.0,60.0,62.0,58.0,58.0,48.0,38.0,52.0,48.0,52.0,54.0,58.0,52.0,54.0,58.0,66.0,66.0,60.0,68.0,68.0,70.0,56.0,64.0,84.0,64.0,74.0,68.0,74.0,64.0,72.0,58.0,60.0,56.0,60.0,66.0,64.0,66.0,72.0,60.0,66.0,54.0,72.0,58.0,68.0,62.0,64.0,66.0,54.0,68.0,70.0,62.0,64.0,68.0,70.0,64.0,66.0,66.0,60.0,72.0,64.0,74.0,50.0,62.0,68.0,72.0,58.0,68.0,68.0,72.0,76.0,66.0,70.0,80.0,62.0,70.0,72.0,70.0,78.0,74.0,70.0,60.0,78.0,70.0,70.0,74.0,64.0,66.0,68.0,78.0,72.0,62.0,70.0,58.0,56.0,64.0,60.0,62.0,64.0,58.0,62.0,64.0,72.0,48.0,52.0,72.0,60.0,54.0,60.0,72.0,56.0,68.0,70.0,56.0,54.0,66.0,62.0,60.0,60.0,54.0,66.0,58.0,68.0,58.0,54.0,62.0,66.0,62.0,64.0,60.0,60.0,68.0,62.0,62.0,62.0,70.0,46.0,62.0,54.0,62.0,60.0,62.0,64.0,58.0,60.0,68.0,62.0,60.0,66.0,60.0,56.0,56.0,56.0,62.0,64.0,62.0,66.0,46.0,60.0,62.0,64.0,58.0,64.0,50.0,60.0,54.0,56.0,58.0,60.0,64.0,64.0,68.0,52.0,56.0,58.0,62.0,62.0,72.0,74.0,56.0,70.0,74.0,66.0,70.0,74.0,62.0,80.0,70.0,76.0,58.0,72.0,76.0,62.0,66.0,66.0,62.0,56.0,68.0,62.0,62.0,64.0,64.0,52.0,66.0,64.0,58.0,50.0,58.0,50.0,58.0,58.0,56.0,62.0,50.0,46.0,58.0,56.0,50.0,42.0,50.0,56.0,58.0,60.0,52.0,42.0,56.0,52.0,48.0,52.0,48.0,42.0,50.0,52.0,54.0,50.0,46.0,48.0,46.0,60.0,56.0,50.0,44.0,44.0,44.0,48.0,54.0,60.0,54.0,54.0,50.0,42.0,54.0,46.0,46.0,50.0,52.0,54.0,46.0,52.0,50.0,44.0,50.0,48.0,48.0,56.0,54.0,48.0,52.0,48.0,38.0,50.0,44.0,46.0,38.0,56.0,54.0,50.0,52.0,44.0,46.0,54.0,42.0,52.0,52.0,54.0,50.0,46.0,50.0,52.0,52.0,50.0,46.0,52.0,50.0,44.0,54.0,52.0,44.0,50.0,52.0,54.0,40.0,48.0,54.0,56.0,56.0,44.0,52.0,48.0,46.0,54.0,56.0,57.0,58.0,50.0,60.0,54.0,54.0,54.0,48.0,50.0,50.0,50.0,52.0,48.0,50.0,52.0,50.0,50.0,60.0,54.0,48.0,54.0,52.0,56.0,56.0,58.0,66.0,54.0,48.0,60.0,50.0,36.0,60.0,38.0,48.0,50.0,54.0,48.0,50.0,54.0,46.0,52.0,62.0,62.0,60.0,44.0,58.0,52.0,50.0,52.0,46.0,42.0,52.0,54.0,60.0,54.0,54.0,46.0,52.0,54.0,58.0,56.0,58.0,60.0,52.0,54.0,38.0,56.0,52.0,58.0,50.0,60.0,66.0,50.0,58.0,52.0,46.0,52.0,52.0,54.0,48.0,54.0,46.0,54.0,48.0,54.0,52.0,54.0,48.0,54.0,46.0,52.0,54.0,54.0,50.0,56.0,52.0,60.0,56.0,64.0,54.0,52.0,54.0,56.0,58.0,52.0,56.0,54.0,42.0,58.0,60.0,54.0,58.0,56.0,56.0,52.0,60.0,60.0,58.0,52.0,64.0,48.0,50.0,60.0,50.0,54.0,56.0,56.0,56.0,60.0,46.0,52.0,46.0,52.0,54.0,52.0,54.0,62.0,58.0,56.0,52.0,58.0,62.0,58.0,54.0,54.0,64.0,62.0,60.0,58.0,62.0,54.0,52.0,42.0,58.0,54.0,52.0,56.0,50.0,52.0,60.0,54.0,54.0,58.0,52.0,52.0,54.0,54.0,62.0,58.0,52.0,60.0,60.0,48.0,54.0,46.0,50.0,56.0,50.0,54.0,56.0,60.0,58.0,42.0,52.0,46.0,58.0,46.0,54.0,64.0,54.0,50.0,48.0,60.0,58.0,54.0,48.0,48.0,52.0,64.0,50.0,52.0,58.0,52.0,54.0,48.0,50.0,58.0,48.0,58.0,54.0,64.0,62.0,58.0,50.0,54.0,54.0,68.0,52.0,58.0,60.0,48.0,50.0,58.0,54.0,54.0,52.0,48.0,64.0,58.0,54.0,54.0,50.0,62.0,52.0,60.0,60.0,50.0,56.0,52.0,52.0,62.0,52.0,60.0,62.0,50.0,46.0,48.0,52.0,56.0,62.0,58.0,48.0,62.0,70.0,50.0,62.0,54.0,52.0,46.0,56.0,54.0,58.0,60.0,64.0,44.0,50.0,48.0,56.0,58.0,66.0,46.0,54.0,58.0,52.0,56.0,62.0,52.0,66.0,62.0,64.0,56.0,38.0,54.0,54.0,50.0,60.0,50.0,50.0,64.0,66.0,60.0,60.0,62.0,60.0,52.0,56.0,56.0,46.0,52.0,54.0,56.0,54.0,56.0,52.0,54.0,48.0,60.0,58.0,60.0,50.0,56.0,44.0,58.0,52.0,48.0,54.0,52.0,56.0,54.0,52.0,50.0,58.0,60.0,52.0,46.0,56.0,50.0,58.0,64.0,64.0,52.0,50.0,56.0,58.0,58.0,52.0,60.0,54.0,60.0,48.0,58.0,64.0,58.0,48.0,62.0,58.0,52.0,54.0,56.0,58.0,56.0,48.0,54.0,50.0,52.0,54.0,54.0,50.0,50.0,46.0,58.0,60.0,56.0,62.0,48.0,62.0
10.84085,14.03914,58.0,46.0,48.0,48.0,56.0,46.0,52.0,56.0,48.0,50.0,40.0,58.0,50.0,56.0,46.0,54.0,52.0,54.0,56.0,68.0,56.0,66.0,56.0,58.0,56.0,58.0,56.0,72.0,52.0,66.0,60.0,60.0,60.0,62.0,58.0,56.0,64.0,58.0,50.0,60.0,66.0,60.0,56.0,56.0,58.0,64.0,54.0,58.0,54.0,55.0,56.0,60.0,70.0,64.0,50.0,62.0,60.0,54.0,62.0,66.0,54.0,56.0,58.0,64.0,66.0,52.0,54.0,58.0,66.0,64.0,58.0,72.0,64.0,66.0,68.0,62.0,62.0,70.0,66.0,60.0,60.0,62.0,68.0,58.0,64.0,62.0,68.0,70.0,66.0,74.0,72.0,62.0,68.0,64.0,62.0,58.0,52.0,60.0,60.0,54.0,58.0,58.0,50.0,50.0,56.0,46.0,58.0,62.0,50.0,50.0,56.0,48.0,56.0,56.0,50.0,58.0,44.0,50.0,50.0,54.0,62.0,58.0,54.0,48.0,58.0,52.0,54.0,44.0,52.0,54.0,54.0,56.0,56.0,58.0,64.0,48.0,48.0,52.0,54.0,54.0,56.0,54.0,50.0,64.0,54.0,52.0,46.0,58.0,58.0,58.0,58.0,54.0,56.0,54.0,58.0,54.0,54.0,62.0,56.0,44.0,58.0,48.0,48.0,52.0,52.0,48.0,52.0,58.0,52.0,54.0,58.0,56.0,56.0,54.0,54.0,46.0,46.0,58.0,60.0,54.0,56.0,50.0,66.0,66.0,62.0,58.0,70.0,72.0,64.0,52.0,72.0,58.0,48.0,66.0,62.0,66.0,66.0,58.0,54.0,48.0,60.0,60.0,50.0,60.0,54.0,58.0,44.0,56.0,54.0,52.0,54.0,56.0,54.0,52.0,48.0,52.0,50.0,52.0,54.0,46.0,52.0,36.0,54.0,56.0,46.0,50.0,56.0,52.0,46.0,42.0,44.0,38.0,54.0,46.0,48.0,44.0,46.0,52.0,46.0,48.0,44.0,50.0,54.0,56.0,44.0,42.0,54.0,44.0,48.0,56.0,48.0,42.0,46.0,44.0,52.0,40.0,40.0,46.0,44.0,44.0,56.0,52.0,40.0,52.0,50.0,50.0,56.0,36.0,42.0,50.0,42.0,46.0,44.0,46.0,46.0,50.0,52.0,52.0,44.0,42.0,44.0,52.0,48.0,44.0,46.0,44.0,54.0,48.0,50.0,48.0,46.0,48.0,52.0,46.0,42.0,54.0,50.0,42.0,48.0,56.0,44.0,52.0,50.0,56.0,48.0,46.0,54.0,42.0,50.0,54.0,54.0,52.0,58.0,38.0,56.0,51.0,46.0,44.0,54.0,52.0,42.0,44.0,48.0,52.0,44.0,42.0,52.0,46.0,46.0,54.0,44.0,58.0,48.0,50.0,54.0,50.0,42.0,52.0,56.0,52.0,54.0,50.0,52.0,44.0,56.0,42.0,52.0,44.0,50.0,56.0,46.0,54.0,54.0,48.0,52.0,56.0,50.0,56.0,52.0,46.0,42.0,48.0,42.0,48.0,54.0,52.0,50.0,48.0,50.0,50.0,42.0,46.0,54.0,50.0,52.0,48.0,48.0,58.0,56.0,50.0,50.0,60.0,58.0,52.0,48.0,48.0,54.0,46.0,54.0,52.0,52.0,48.0,54.0,58.0,52.0,44.0,56.0,56.0,58.0,58.0,48.0,54.0,52.0,58.0,56.0,52.0,50.0,54.0,42.0,54.0,60.0,42.0,50.0,60.0,58.0,54.0,48.0,58.0,50.0,44.0,54.0,58.0,56.0,50.0,54.0,50.0,46.0,56.0,56.0,48.0,42.0,60.0,46.0,46.0,54.0,54.0,52.0,50.0,52.0,60.0,48.0,48.0,60.0,60.0,46.0,44.0,52.0,52.0,46.0,56.0,52.0,58.0,54.0,56.0,58.0,60.0,48.0,58.0,50.0,60.0,52.0,42.0,58.0,58.0,60.0,56.0,54.0,56.0,58.0,62.0,54.0,48.0,62.0,58.0,48.0,48.0,48.0,44.0,50.0,62.0,52.0,50.0,46.0,54.0,58.0,64.0,58.0,50.0,46.0,52.0,60.0,60.0,58.0,54.0,62.0,50.0,50.0,54.0,60.0,52.0,48.0,50.0,56.0,52.0,48.0,46.0,40.0,52.0,56.0,60.0,52.0,50.0,48.0,58.0,50.0,54.0,52.0,54.0,50.0,52.0,60.0,54.0,58.0,56.0,52.0,54.0,58.0,50.0,54.0,52.0,62.0,52.0,58.0,48.0,48.0,56.0,54.0,52.0,44.0,52.0,68.0,56.0,52.0,52.0,58.0,52.0,54.0,52.0,54.0,56.0,46.0,56.0,50.0,58.0,52.0,54.0,48.0,58.0,54.0,40.0,50.0,42.0,52.0,48.0,52.0,46.0,56.0,50.0,56.0,44.0,52.0,48.0,58.0,54.0,56.0,52.0,50.0,56.0,58.0,52.0,60.0,54.0,42.0,48.0,54.0,48.0,48.0,64.0,48.0,44.0,56.0,54.0,62.0,54.0,50.0,62.0,52.0,52.0,54.0,40.0,56.0,50.0,48.0,64.0,50.0,52.0,54.0,56.0,40.0,50.0,48.0,50.0,56.0,58.0,60.0,50.0,50.0,56.0,60.0,62.0,50.0,60.0,48.0,52.0,56.0,50.0,52.0,40.0,58.0,60.0,50.0,54.0,48.0,52.0,48.0,58.0,64.0,50.0,56.0,54.0,60.0,50.0,48.0,62.0,50.0,54.0,54.0,60.0,60.0,54.0,64.0,58.0,50.0,58.0,54.0,52.0,60.0,58.0,46.0,54.0,58.0,66.0,52.0,46.0,52.0,58.0,46.0,64.0,50.0,54.0,52.0,62.0,58.0,52.0,54.0,60.0,54.0,50.0,56.0,50.0,56.0
12.38954,0.0,164.0,156.0,148.0,152.0,148.0,158.0,152.0,142.0,150.0,138.0,152.0,150.0,140.0,156.0,148.0,158.0,174.0,160.0,178.0,162.0,168.0,162.0,160.0,178.0,170.0,180.0,188.0,180.0,172.0,182.0,170.0,174.0,166.0,176.0,174.0,162.0,166.0,166.0,172.0,162.0,168.0,150.0,150.0,166.0,150.0,158.0,182.0,182.0,164.0,166.0,168.0,182.0,188.0,164.0,182.0,180.0,168.0,190.0,198.0,180.0,190.0,166.0,178.0,174.0,162.0,156.0,164.0,172.0,166.0,162.0,164.0,168.0,170.0,160.0,160.0,168.0,170.0,150.0,154.0,178.0,164.0,170.0,174.0,162.0,164.0,186.0,166.0,166.0,154.0,172.0,176.0,164.0,162.0,182.0,164.0,160.0,168.0,180.0,162.0,156.0,166.0,156.0,184.0,168.0,172.0,152.0,162.0,156.0,152.0,174.0,168.0,160.0,176.0,162.0,152.0,164.0,168.0,146.0,154.0,166.0,176.0,174.0,184.0,174.0,200.0,174.0,174.0,182.0,190.0,184.0,200.0,196.0,194.0,218.0,200.0,212.0,208.0,184.0,206.0,152.0,172.0,152.0,160.0,170.0,160.0,152.0,164.0,160.0,182.0,180.0,154.0,178.0,176.0,184.0,168.0,176.0,164.0,158.0,152.0,162.0,144.0,164.0,176.0,176.0,164.0,162.0,168.0,166.0,142.0,170.0,170.0,172.0,160.0,166.0,162.0,158.0,168.0,168.0,162.0,158.0,162.0,158.0,172.0,178.0,176.0,160.0,180.0,166.0,170.0,156.0,152.0,172.0,180.0,176.0,178.0,176.0,162.0,170.0,162.0,168.0,166.0,168.0,156.0,150.0,172.0,186.0,158.0,182.0,158.0,154.0,172.0,166.0,156.0,172.0,162.0,160.0,182.0,178.0,176.0,168.0,174.0,174.0,174.0,172.0,152.0,172.0,182.0,182.0,168.0,194.0,176.0,154.0,172.0,168.0,158.0,164.0,174.0,172.0,166.0,188.0,148.0,174.0,180.0,184.0,184.0,176.0,178.0,152.0,176.0,178.0,168.0,156.0,176.0,168.0,174.0,176.0,182.0,186.0,170.0,188.0,178.0,166.0,176.0,188.0,176.0,194.0,172.0,184.0,172.0,184.0,182.0,172.0,186.0,178.0,168.0,180.0,182.0,176.0,170.0,178.0,184.0,172.0,180.0,190.0,186.0,186.0,186.0,188.0,198.0,192.0,182.0,180.0,174.0,188.0,184.0,188.0,190.0,182.0,190.0,192.0,204.0,180.0,200.0,194.0,192.0,188.0,192.0,180.0,172.0,192.0,208.0,186.0,208.0,194.0,202.0,192.0,182.0,186.0,196.0,210.0,198.0,180.0,184.0,184.0,196.0,198.0,168.0,200.0,184.0,194.0,204.0,200.0,196.0,192.0,194.0,180.0,194.0,184.0,216.0,194.0,188.0,200.0,198.0,180.0,194.0,194.0,208.0,190.0,204.0,208.0,212.0,184.0,194.0,174.0,198.0,204.0,198.0,192.0,196.0,184.0,190.0,190.0,194.0,204.0,194.0,200.0,192.0,198.0,196.0,202.0,204.0,202.0,194.0,190.0,198.0,216.0,192.0,216.0,210.0,194.0,216.0,192.0,206.0,190.0,180.0,206.0,210.0,200.0,216.0,182.0,178.0,192.0,184.0,200.0,188.0,208.0,228.0,184.0,192.0,196.0,196.0,202.0,214.0,204.0,202.0,194.0,182.0,206.0,186.0,212.0,216.0,212.0,192.0,200.0,224.0,212.0,192.0,206.0,196.0,208.0,190.0,218.0,232.0,188.0,204.0,202.0,194.0,226.0,216.0,202.0,212.0,190.0,202.0,216.0,198.0,216.0,232.0,204.0,186.0,212.0,214.0,196.0,202.0,196.0,212.0,212.0,186.0,198.0,218.0,208.0,208.0,206.0,196.0,212.0,214.0,202.0,224.0,218.0,216.0,210.0,194.0,214.0,216.0,198.0,228.0,220.0,218.0,206.0,210.0,214.0,220.0,212.0,224.0,218.0,212.0,220.0,234.0,216.0,190.0,222.0,216.0,202.0,228.0,200.0,190.0,218.0,234.0,226.0,232.0,196.0,182.0,214.0,202.0,224.0,194.0,208.0,228.0,218.0,202.0,212.0,218.0,212.0,220.0,206.0,212.0,214.0,220.0,218.0,220.0,214.0,212.0,228.0,216.0,226.0,230.0,200.0,218.0,218.0,230.0,214.0,222.0,200.0,220.0,216.0,218.0,210.0,232.0,218.0,226.0,220.0,216.0,232.0,214.0,228.0,216.0,204.0,224.0,214.0,218.0,222.0,250.0,224.0,226.0,222.0,218.0,218.0,202.0,226.0,220.0,230.0,186.0,202.0,226.0,226.0,214.0,206.0,234.0,226.0,220.0,224.0,220.0,212.0,196.0,238.0,204.0,216.0,236.0,216.0,232.0,216.0,208.0,230.0,240.0,216.0,224.0,222.0,216.0,196.0,234.0,212.0,208.0,208.0,214.0,240.0,224.0,222.0,206.0,214.0,226.0,226.0,220.0,248.0,222.0,238.0,228.0,212.0,228.0,224.0,242.0,246.0,218.0,204.0,236.0,232.0,222.0,222.0,220.0,224.0,222.0,216.0,206.0,238.0,234.0,224.0,232.0,240.0,220.0,226.0,202.0,216.0,220.0,232.0,212.0,228.0,212.0,246.0,226.0,214.0,226.0,220.0,230.0,218.0,234.0,236.0,212.0,230.0,238.0,230.0,210.0,216.0,214.0,244.0,232.0,236.0,236.0,222.0,250.0,234.0,226.0,236.0,224.0,240.0,224.0,220.0,228.0,232.0,226.0,238.0,238.0,238.0,214.0,236.0,224.0,218.0,230.0,234.0,246.0,226.0,218.0,214.0,226.0,232.0,226.0,224.0,226.0,234.0,212.0,228.0,250.0,230.0,216.0
12.38954,1.5599100000000004,178.0,160.0,142.0,154.0,134.0,154.0,142.0,158.0,140.0,134.0,140.0,132.0,142.0,136.0,142.0,148.0,136.0,164.0,150.0,146.0,172.0,148.0,158.0,162.0,156.0,160.0,158.0,176.0,164.0,146.0,170.0,166.0,156.0,162.0,138.0,170.0,158.0,150.0,158.0,150.0,160.0,164.0,148.0,138.0,150.0,148.0,144.0,154.0,148.0,157.0,166.0,166.0,152.0,168.0,156.0,160.0,162.0,168.0,168.0,182.0,172.0,168.0,158.0,150.0,146.0,150.0,154.0,144.0,170.0,146.0,144.0,154.0,150.0,146.0,158.0,148.0,154.0,148.0,150.0,154.0,176.0,164.0,148.0,160.0,152.0,140.0,156.0,158.0,156.0,160.0,172.0,160.0,148.0,148.0,142.0,138.0,154.0,142.0,148.0,130.0,140.0,144.0,144.0,150.0,146.0,152.0,140.0,132.0,144.0,138.0,138.0,144.0,144.0,150.0,140.0,152.0,142.0,144.0,150.0,152.0,158.0,150.0,146.0,160.0,164.0,178.0,158.0,164.0,160.0,168.0,182.0,182.0,180.0,208.0,194.0,178.0,168.0,166.0,156.0,154.0,142.0,154.0,138.0,150.0,128.0,156.0,136.0,138.0,150.0,152.0,150.0,148.0,148.0,148.0,150.0,150.0,144.0,146.0,146.0,142.0,144.0,148.0,140.0,158.0,150.0,154.0,156.0,142.0,138.0,150.0,130.0,148.0,160.0,140.0,142.0,150.0,140.0,144.0,140.0,120.0,148.0,160.0,156.0,142.0,156.0,136.0,128.0,162.0,152.0,154.0,144.0,160.0,160.0,134.0,156.0,138.0,156.0,132.0,148.0,132.0,156.0,154.0,134.0,156.0,158.0,136.0,152.0,138.0,154.0,154.0,176.0,150.0,146.0,150.0,168.0,140.0,140.0,132.0,156.0,156.0,162.0,152.0,160.0,156.0,152.0,160.0,164.0,164.0,166.0,154.0,172.0,148.0,166.0,140.0,140.0,146.0,146.0,170.0,142.0,140.0,174.0,144.0,160.0,150.0,158.0,146.0,168.0,160.0,154.0,166.0,166.0,150.0,154.0,144.0,162.0,146.0,184.0,166.0,160.0,158.0,170.0,170.0,148.0,152.0,150.0,154.0,162.0,156.0,162.0,158.0,154.0,176.0,156.0,160.0,166.0,168.0,150.0,160.0,170.0,156.0,156.0,160.0,158.0,148.0,164.0,158.0,160.0,162.0,164.0,162.0,170.0,182.0,164.0,180.0,180.0,166.0,176.0,166.0,170.0,168.0,164.0,182.0,162.0,196.0,164.0,162.0,154.0,170.0,164.0,160.0,162.0,182.0,164.0,168.0,180.0,167.0,154.0,160.0,190.0,166.0,160.0,188.0,162.0,164.0,158.0,164.0,174.0,174.0,180.0,170.0,178.0,188.0,160.0,176.0,160.0,184.0,174.0,192.0,182.0,170.0,170.0,162.0,162.0,182.0,166.0,180.0,172.0,170.0,162.0,184.0,178.0,174.0,168.0,152.0,180.0,174.0,170.0,186.0,158.0,188.0,178.0,174.0,184.0,172.0,166.0,174.0,170.0,178.0,182.0,190.0,180.0,182.0,188.0,190.0,186.0,172.0,168.0,170.0,178.0,178.0,200.0,178.0,172.0,178.0,158.0,190.0,192.0,196.0,186.0,190.0,196.0,172.0,166.0,172.0,174.0,192.0,192.0,178.0,178.0,184.0,180.0,174.0,166.0,182.0,172.0,180.0,182.0,186.0,188.0,184.0,170.0,204.0,190.0,190.0,194.0,192.0,186.0,186.0,180.0,172.0,182.0,176.0,198.0,182.0,202.0,184.0,192.0,184.0,184.0,214.0,176.0,196.0,202.0,200.0,190.0,198.0,194.0,194.0,188.0,166.0,204.0,188.0,184.0,208.0,188.0,182.0,196.0,184.0,176.0,194.0,182.0,186.0,200.0,184.0,198.0,178.0,178.0,190.0,194.0,200.0,204.0,188.0,172.0,186.0,202.0,198.0,210.0,190.0,184.0,194.0,188.0,196.0,186.0,206.0,198.0,190.0,182.0,192.0,168.0,178.0,198.0,190.0,188.0,202.0,198.0,172.0,192.0,194.0,206.0,180.0,208.0,200.0,202.0,178.0,186.0,194.0,204.0,198.0,200.0,190.0,204.0,214.0,208.0,188.0,208.0,196.0,198.0,186.0,186.0,186.0,184.0,178.0,188.0,206.0,192.0,204.0,194.0,212.0,194.0,190.0,192.0,196.0,192.0,196.0,190.0,200.0,192.0,212.0,206.0,202.0,204.0,186.0,208.0,208.0,216.0,214.0,198.0,184.0,192.0,202.0,206.0,196.0,212.0,196.0,206.0,182.0,194.0,186.0,188.0,218.0,190.0,212.0,192.0,184.0,190.0,190.0,194.0,210.0,206.0,202.0,198.0,200.0,186.0,188.0,202.0,202.0,208.0,182.0,212.0,196.0,206.0,194.0,188.0,222.0,210.0,196.0,218.0,188.0,206.0,192.0,198.0,200.0,202.0,206.0,192.0,216.0,206.0,208.0,192.0,192.0,200.0,198.0,212.0,192.0,206.0,222.0,196.0,206.0,200.0,204.0,202.0,186.0,206.0,202.0,196.0,200.0,196.0,200.0,204.0,208.0,218.0,190.0,212.0,188.0,210.0,206.0,204.0,204.0,202.0,206.0,192.0,218.0,210.0,202.0,210.0,210.0,198.0,216.0,224.0,188.0,210.0,212.0,222.0,202.0,184.0,222.0,216.0,222.0,204.0,200.0,212.0,222.0,200.0,214.0,210.0,208.0,202.0,206.0,222.0,186.0,222.0,202.0,208.0,220.0,202.0,214.0,202.0,216.0,202.0,216.0,198.0,200.0,202.0,192.0,218.0,194.0,218.0,214.0,196.0,208.0,188.0,216.0,204.0,212.0,210.0,204.0,200.0,212.0,212.0,200.0,220.0
12.38954,3.11981,124.0,122.0,122.0,116.0,118.0,122.0,120.0,120.0,112.0,118.0,124.0,112.0,108.0,128.0,120.0,124.0,132.0,130.0,130.0,136.0,138.0,146.0,140.0,152.0,148.0,140.0,132.0,158.0,126.0,142.0,158.0,152.0,134.0,124.0,130.0,148.0,126.0,130.0,140.0,130.0,138.0,134.0,158.0,132.0,142.0,132.0,142.0,128.0,132.0,136.0,140.0,128.0,148.0,138.0,138.0,134.0,154.0,152.0,140.0,148.0,140.0,132.0,148.0,138.0,142.0,126.0,132.0,146.0,120.0,134.0,140.0,126.0,142.0,144.0,128.0,132.0,158.0,122.0,136.0,140.0,140.0,130.0,138.0,148.0,130.0,144.0,152.0,142.0,158.0,144.0,148.0,140.0,144.0,122.0,146.0,118.0,152.0,136.0,138.0,134.0,146.0,116.0,134.0,130.0,140.0,122.0,130.0,144.0,140.0,136.0,118.0,136.0,136.0,122.0,118.0,116.0,140.0,128.0,132.0,148.0,114.0,124.0,138.0,144.0,132.0,146.0,130.0,146.0,138.0,162.0,146.0,154.0,166.0,168.0,174.0,138.0,138.0,148.0,142.0,136.0,136.0,128.0,128.0,140.0,134.0,126.0,130.0,124.0,134.0,140.0,144.0,136.0,140.0,158.0,142.0,138.0,146.0,146.0,136.0,128.0,142.0,128.0,124.0,136.0,134.0,132.0,136.0,146.0,126.0,138.0,128.0,136.0,144.0,128.0,142.0,148.0,132.0,134.0,144.0,140.0,138.0,146.0,138.0,138.0,126.0,136.0,140.0,122.0,140.0,146.0,146.0,146.0,138.0,124.0,128.0,130.0,140.0,128.0,146.0,136.0,122.0,140.0,130.0,132.0,146.0,118.0,136.0,136.0,140.0,154.0,152.0,150.0,148.0,154.0,134.0,146.0,144.0,150.0,154.0,128.0,110.0,134.0,146.0,142.0,134.0,124.0,156.0,146.0,154.0,148.0,140.0,154.0,144.0,134.0,138.0,148.0,120.0,140.0,132.0,134.0,144.0,152.0,152.0,130.0,140.0,122.0,124.0,144.0,132.0,146.0,148.0,144.0,144.0,140.0,150.0,136.0,148.0,158.0,148.0,140.0,146.0,150.0,138.0,154.0,166.0,132.0,148.0,138.0,144.0,150.0,144.0,148.0,160.0,154.0,146.0,164.0,150.0,148.0,144.0,134.0,156.0,150.0,146.0,148.0,138.0,140.0,134.0,142.0,154.0,152.0,154.0,156.0,148.0,160.0,166.0,156.0,154.0,138.0,160.0,156.0,146.0,142.0,152.0,152.0,160.0,150.0,172.0,146.0,148.0,150.0,188.0,146.0,166.0,158.0,166.0,162.0,158.0,158.0,150.0,168.0,154.0,162.0,144.0,150.0,150.0,148.0,156.0,166.0,160.0,150.0,160.0,152.0,152.0,156.0,152.0,158.0,160.0,150.0,178.0,154.0,162.0,168.0,154.0,164.0,166.0,176.0,146.0,166.0,172.0,178.0,152.0,160.0,162.0,170.0,180.0,154.0,152.0,158.0,166.0,170.0,156.0,174.0,168.0,162.0,168.0,180.0,170.0,184.0,164.0,162.0,170.0,150.0,176.0,172.0,172.0,178.0,164.0,160.0,162.0,168.0,174.0,160.0,166.0,148.0,170.0,162.0,180.0,174.0,176.0,154.0,152.0,160.0,186.0,172.0,186.0,164.0,172.0,166.0,166.0,174.0,158.0,164.0,192.0,156.0,182.0,170.0,158.0,180.0,178.0,152.0,164.0,174.0,154.0,170.0,174.0,178.0,178.0,180.0,170.0,176.0,184.0,186.0,168.0,182.0,180.0,172.0,162.0,156.0,176.0,154.0,168.0,174.0,164.0,166.0,188.0,152.0,184.0,182.0,172.0,174.0,178.0,170.0,168.0,176.0,174.0,158.0,170.0,170.0,172.0,158.0,170.0,188.0,168.0,188.0,186.0,176.0,170.0,180.0,166.0,194.0,168.0,158.0,176.0,178.0,176.0,164.0,176.0,182.0,166.0,152.0,182.0,188.0,184.0,168.0,168.0,170.0,172.0,176.0,192.0,178.0,172.0,182.0,166.0,162.0,176.0,188.0,178.0,184.0,174.0,186.0,178.0,180.0,170.0,176.0,166.0,188.0,170.0,182.0,180.0,180.0,182.0,176.0,188.0,168.0,184.0,168.0,186.0,186.0,174.0,184.0,174.0,194.0,184.0,180.0,194.0,164.0,174.0,188.0,190.0,180.0,186.0,186.0,188.0,196.0,186.0,184.0,180.0,190.0,210.0,176.0,204.0,182.0,180.0,184.0,172.0,184.0,174.0,192.0,180.0,180.0,196.0,198.0,196.0,182.0,172.0,184.0,168.0,168.0,180.0,170.0,188.0,198.0,168.0,186.0,184.0,184.0,180.0,168.0,188.0,176.0,200.0,158.0,194.0,180.0,178.0,172.0,182.0,196.0,190.0,192.0,188.0,172.0,196.0,178.0,186.0,200.0,176.0,184.0,184.0,170.0,190.0,164.0,196.0,170.0,182.0,192.0,200.0,168.0,170.0,200.0,192.0,196.0,190.0,192.0,194.0,188.0,188.0,194.0,190.0,178.0,180.0,176.0,182.0,192.0,186.0,174.0,184.0,186.0,180.0,170.0,198.0,186.0,188.0,168.0,198.0,180.0,170.0,172.0,172.0,188.0,186.0,180.0,182.0,170.0,188.0,186.0,208.0,178.0,196.0,184.0,178.0,174.0,196.0,180.0,194.0,188.0,184.0,172.0,186.0,186.0,196.0,182.0,190.0,194.0,204.0,182.0,198.0,192.0,208.0,188.0,196.0,184.0,190.0,196.0,202.0,182.0,202.0,190.0,206.0,170.0,182.0,182.0,192.0,180.0,190.0,182.0,194.0,202.0,196.0,200.0,188.0,176.0,176.0,210.0,206.0,192.0,198.0,184.0,202.0,190.0,198.0
12.38954,4.6797200000000005,112.0,106.0,108.0,116.0,110.0,112.0,108.0,110.0,110.0,112.0,106.0,98.0,96.0,118.0,104.0,116.0,110.0,114.0,136.0,114.0,120.0,120.0,124.0,118.0,126.0,124.0,140.0,134.0,126.0,126.0,120.0,128.0,104.0,120.0,122.0,116.0,124.0,114.0,122.0,120.0,116.0,124.0,122.0,102.0,114.0,120.0,132.0,120.0,114.0,125.0,136.0,124.0,132.0,116.0,116.0,132.0,114.0,128.0,122.0,146.0,124.0,128.0,124.0,126.0,116.0,132.0,124.0,134.0,126.0,122.0,126.0,128.0,116.0,124.0,108.0,130.0,122.0,120.0,130.0,108.0,136.0,130.0,122.0,130.0,132.0,114.0,132.0,122.0,126.0,124.0,126.0,116.0,124.0,126.0,126.0,120.0,130.0,122.0,130.0,126.0,126.0,114.0,108.0,128.0,116.0,124.0,118.0,120.0,112.0,102.0,124.0,104.0,100.0,120.0,110.0,116.0,110.0,120.0,118.0,124.0,126.0,122.0,122.0,124.0,134.0,112.0,128.0,128.0,134.0,122.0,128.0,140.0,136.0,146.0,152.0,156.0,140.0,130.0,128.0,128.0,116.0,118.0,126.0,120.0,134.0,128.0,114.0,124.0,118.0,132.0,124.0,118.0,114.0,126.0,122.0,126.0,118.0,128.0,128.0,128.0,120.0,124.0,126.0,120.0,114.0,126.0,120.0,120.0,112.0,114.0,110.0,122.0,124.0,116.0,116.0,128.0,130.0,120.0,102.0,122.0,116.0,122.0,132.0,124.0,116.0,132.0,134.0,124.0,116.0,118.0,128.0,126.0,114.0,120.0,118.0,122.0,134.0,126.0,108.0,124.0,120.0,124.0,120.0,134.0,124.0,126.0,124.0,114.0,126.0,120.0,114.0,120.0,140.0,128.0,130.0,132.0,132.0,128.0,132.0,126.0,132.0,130.0,118.0,120.0,136.0,144.0,122.0,128.0,130.0,124.0,132.0,136.0,136.0,132.0,122.0,120.0,136.0,136.0,120.0,130.0,124.0,132.0,138.0,130.0,126.0,134.0,130.0,124.0,134.0,142.0,124.0,124.0,128.0,124.0,148.0,140.0,140.0,128.0,114.0,118.0,128.0,122.0,124.0,120.0,132.0,124.0,130.0,142.0,140.0,126.0,144.0,128.0,124.0,128.0,126.0,132.0,138.0,142.0,120.0,134.0,134.0,140.0,142.0,130.0,134.0,144.0,138.0,140.0,138.0,124.0,140.0,148.0,142.0,140.0,150.0,148.0,146.0,150.0,138.0,144.0,142.0,156.0,148.0,156.0,150.0,156.0,138.0,146.0,148.0,140.0,150.0,148.0,146.0,136.0,154.0,156.0,154.0,136.0,124.0,156.0,148.0,136.0,138.0,152.0,140.0,152.0,152.0,156.0,132.0,148.0,154.0,138.0,146.0,142.0,130.0,140.0,150.0,158.0,140.0,138.0,150.0,134.0,148.0,150.0,140.0,160.0,154.0,128.0,148.0,164.0,138.0,148.0,158.0,132.0,142.0,166.0,164.0,154.0,138.0,158.0,146.0,136.0,160.0,154.0,148.0,158.0,152.0,150.0,162.0,142.0,136.0,150.0,136.0,142.0,160.0,144.0,146.0,148.0,148.0,154.0,158.0,148.0,148.0,152.0,154.0,158.0,140.0,156.0,150.0,150.0,150.0,166.0,146.0,140.0,148.0,150.0,172.0,168.0,146.0,150.0,146.0,154.0,164.0,160.0,142.0,156.0,156.0,158.0,154.0,160.0,150.0,166.0,156.0,160.0,154.0,158.0,146.0,158.0,154.0,160.0,158.0,152.0,144.0,162.0,164.0,146.0,160.0,164.0,156.0,150.0,150.0,152.0,160.0,154.0,152.0,158.0,150.0,150.0,166.0,170.0,162.0,154.0,154.0,146.0,146.0,166.0,144.0,164.0,158.0,154.0,150.0,168.0,158.0,166.0,150.0,148.0,156.0,152.0,178.0,146.0,160.0,156.0,160.0,150.0,168.0,166.0,158.0,144.0,164.0,164.0,164.0,174.0,154.0,160.0,160.0,156.0,168.0,156.0,172.0,164.0,158.0,172.0,162.0,164.0,162.0,154.0,146.0,164.0,164.0,164.0,156.0,170.0,170.0,156.0,156.0,154.0,164.0,174.0,148.0,168.0,152.0,160.0,164.0,154.0,166.0,160.0,150.0,172.0,166.0,188.0,160.0,166.0,158.0,162.0,170.0,158.0,158.0,168.0,146.0,168.0,168.0,182.0,166.0,168.0,160.0,162.0,178.0,172.0,162.0,164.0,172.0,160.0,176.0,160.0,166.0,176.0,160.0,166.0,160.0,182.0,146.0,172.0,164.0,158.0,160.0,174.0,176.0,168.0,150.0,178.0,174.0,158.0,168.0,166.0,148.0,166.0,174.0,162.0,172.0,160.0,156.0,170.0,152.0,152.0,160.0,164.0,178.0,170.0,150.0,160.0,166.0,166.0,178.0,172.0,166.0,158.0,154.0,176.0,172.0,176.0,164.0,168.0,188.0,182.0,160.0,158.0,180.0,158.0,180.0,160.0,176.0,174.0,176.0,164.0,180.0,192.0,180.0,166.0,182.0,164.0,178.0,180.0,170.0,162.0,168.0,162.0,168.0,158.0,180.0,168.0,172.0,170.0,184.0,162.0,178.0,172.0,164.0,160.0,166.0,166.0,176.0,176.0,166.0,170.0,168.0,168.0,176.0,174.0,166.0,166.0,174.0,158.0,174.0,178.0,158.0,164.0,166.0,166.0,158.0,178.0,164.0,182.0,176.0,182.0,190.0,158.0,172.0,168.0,182.0,162.0,166.0,186.0,168.0,188.0,182.0,188.0,172.0,174.0,180.0,172.0,176.0,156.0,182.0,172.0,180.0,194.0,166.0,168.0,162.0,164.0,176.0,158.0,170.0,200.0,178.0,184.0,172.0,168.0,172.0,178.0,178.0
12.38954,6.23962,86.0,90.0,88.0,92.0,90.0,82.0,84.0,90.0,84.0,88.0,88.0,72.0,92.0,78.0,76.0,94.0,96.0,102.0,100.0,102.0,94.0,98.0,104.0,100.0,98.0,114.0,92.0,114.0,106.0,108.0,110.0,104.0,96.0,104.0,98.0,102.0,94.0,96.0,104.0,92.0,98.0,90.0,84.0,96.0,94.0,90.0,98.0,104.0,100.0,108.0,104.0,100.0,108.0,96.0,100.0,102.0,104.0,108.0,100.0,106.0,104.0,106.0,86.0,100.0,110.0,104.0,98.0,88.0,104.0,96.0,92.0,96.0,86.0,102.0,94.0,92.0,102.0,100.0,92.0,98.0,94.0,98.0,98.0,106.0,102.0,92.0,94.0,102.0,106.0,98.0,98.0,84.0,106.0,96.0,94.0,96.0,84.0,90.0,98.0,94.0,96.0,92.0,92.0,84.0,88.0,94.0,96.0,92.0,104.0,92.0,92.0,90.0,96.0,84.0,94.0,98.0,90.0,84.0,102.0,96.0,98.0,90.0,98.0,104.0,94.0,102.0,96.0,102.0,110.0,104.0,114.0,100.0,120.0,122.0,130.0,108.0,114.0,106.0,94.0,94.0,98.0,88.0,92.0,80.0,86.0,94.0,92.0,104.0,80.0,102.0,100.0,96.0,98.0,84.0,78.0,106.0,72.0,90.0,102.0,90.0,98.0,86.0,88.0,84.0,80.0,104.0,86.0,102.0,92.0,100.0,88.0,100.0,96.0,100.0,90.0,82.0,82.0,84.0,92.0,82.0,104.0,98.0,96.0,92.0,88.0,90.0,98.0,110.0,90.0,104.0,92.0,90.0,102.0,96.0,96.0,90.0,104.0,94.0,94.0,106.0,88.0,92.0,92.0,106.0,96.0,100.0,94.0,90.0,84.0,86.0,108.0,108.0,104.0,96.0,98.0,100.0,106.0,106.0,106.0,102.0,92.0,108.0,96.0,104.0,88.0,92.0,102.0,108.0,112.0,112.0,94.0,104.0,98.0,106.0,94.0,108.0,98.0,86.0,92.0,100.0,88.0,96.0,82.0,90.0,82.0,96.0,92.0,98.0,102.0,104.0,98.0,104.0,100.0,94.0,96.0,98.0,106.0,100.0,86.0,104.0,100.0,94.0,108.0,106.0,108.0,94.0,100.0,100.0,108.0,106.0,92.0,110.0,112.0,102.0,102.0,108.0,100.0,96.0,92.0,94.0,110.0,96.0,108.0,100.0,110.0,102.0,114.0,120.0,118.0,108.0,106.0,104.0,114.0,108.0,106.0,106.0,102.0,114.0,118.0,102.0,114.0,102.0,104.0,110.0,116.0,112.0,120.0,110.0,110.0,110.0,118.0,102.0,104.0,110.0,110.0,103.0,96.0,100.0,98.0,112.0,108.0,108.0,110.0,100.0,116.0,120.0,110.0,112.0,106.0,106.0,110.0,110.0,104.0,112.0,96.0,90.0,108.0,122.0,110.0,108.0,118.0,116.0,96.0,112.0,104.0,114.0,106.0,104.0,124.0,116.0,118.0,104.0,106.0,102.0,106.0,112.0,108.0,104.0,112.0,116.0,116.0,126.0,110.0,114.0,108.0,108.0,122.0,100.0,114.0,118.0,116.0,108.0,114.0,116.0,116.0,122.0,110.0,112.0,114.0,100.0,100.0,112.0,130.0,110.0,114.0,122.0,110.0,110.0,118.0,108.0,122.0,110.0,108.0,124.0,110.0,108.0,116.0,110.0,112.0,112.0,118.0,102.0,132.0,108.0,112.0,124.0,128.0,118.0,108.0,116.0,106.0,116.0,120.0,108.0,116.0,104.0,114.0,116.0,120.0,122.0,114.0,114.0,108.0,114.0,122.0,122.0,116.0,112.0,118.0,122.0,118.0,98.0,110.0,114.0,126.0,108.0,124.0,106.0,116.0,106.0,110.0,114.0,120.0,114.0,128.0,104.0,108.0,120.0,112.0,106.0,128.0,116.0,136.0,116.0,116.0,112.0,120.0,124.0,128.0,122.0,110.0,126.0,112.0,114.0,110.0,124.0,142.0,116.0,114.0,128.0,112.0,130.0,124.0,98.0,130.0,130.0,112.0,118.0,118.0,124.0,102.0,116.0,126.0,100.0,114.0,120.0,122.0,118.0,118.0,112.0,108.0,116.0,124.0,132.0,116.0,124.0,120.0,120.0,118.0,118.0,122.0,122.0,124.0,116.0,120.0,134.0,116.0,126.0,132.0,126.0,130.0,126.0,130.0,134.0,114.0,120.0,132.0,122.0,134.0,146.0,124.0,126.0,126.0,128.0,130.0,128.0,130.0,126.0,132.0,122.0,132.0,136.0,126.0,116.0,138.0,118.0,122.0,134.0,122.0,130.0,114.0,124.0,108.0,130.0,114.0,128.0,138.0,118.0,132.0,122.0,118.0,120.0,142.0,126.0,122.0,130.0,108.0,112.0,136.0,114.0,122.0,116.0,114.0,138.0,126.0,118.0,130.0,132.0,124.0,134.0,116.0,118.0,124.0,118.0,140.0,128.0,130.0,112.0,116.0,132.0,130.0,114.0,114.0,132.0,128.0,134.0,118.0,130.0,120.0,128.0,122.0,136.0,110.0,126.0,124.0,114.0,128.0,108.0,122.0,128.0,112.0,130.0,124.0,130.0,130.0,124.0,108.0,130.0,126.0,118.0,120.0,142.0,138.0,124.0,132.0,140.0,132.0,122.0,126.0,128.0,128.0,130.0,126.0,124.0,132.0,114.0,132.0,118.0,124.0,120.0,124.0,120.0,120.0,128.0,144.0,122.0,118.0,130.0,134.0,130.0,120.0,134.0,116.0,120.0,128.0,130.0,124.0,136.0,114.0,120.0,126.0,120.0,146.0,134.0,138.0,116.0,120.0,134.0,116.0,120.0,132.0,126.0,126.0,126.0,128.0,126.0,124.0,126.0,120.0,120.0,122.0,126.0,138.0,140.0,138.0,122.0,128.0,110.0,126.0,146.0,132.0
12.38954,7.799523000000001,66.0,64.0,48.0,54.0,48.0,50.0,64.0,50.0,48.0,60.0,60.0,58.0,52.0,62.0,48.0,54.0,46.0,58.0,64.0,70.0,74.0,64.0,64.0,60.0,58.0,66.0,62.0,70.0,60.0,68.0,62.0,68.0,66.0,66.0,64.0,62.0,68.0,62.0,74.0,58.0,62.0,64.0,62.0,60.0,60.0,68.0,58.0,58.0,70.0,66.0,62.0,64.0,72.0,58.0,66.0,64.0,64.0,64.0,54.0,78.0,66.0,56.0,68.0,66.0,58.0,66.0,70.0,74.0,60.0,70.0,64.0,70.0,70.0,68.0,82.0,76.0,72.0,52.0,72.0,70.0,62.0,62.0,76.0,74.0,70.0,78.0,68.0,70.0,80.0,84.0,70.0,74.0,62.0,58.0,66.0,60.0,66.0,64.0,58.0,66.0,56.0,58.0,58.0,60.0,54.0,60.0,64.0,50.0,62.0,58.0,58.0,60.0,58.0,60.0,52.0,60.0,54.0,60.0,56.0,54.0,56.0,60.0,56.0,58.0,62.0,54.0,64.0,60.0,60.0,64.0,52.0,58.0,60.0,50.0,52.0,64.0,62.0,56.0,50.0,52.0,56.0,62.0,56.0,50.0,56.0,58.0,62.0,50.0,62.0,54.0,52.0,62.0,54.0,68.0,50.0,56.0,48.0,60.0,58.0,50.0,48.0,50.0,52.0,50.0,66.0,50.0,50.0,50.0,60.0,60.0,54.0,46.0,66.0,66.0,66.0,52.0,58.0,58.0,56.0,62.0,52.0,54.0,58.0,68.0,58.0,52.0,60.0,64.0,50.0,56.0,64.0,54.0,54.0,68.0,56.0,60.0,52.0,58.0,58.0,68.0,56.0,60.0,56.0,54.0,58.0,60.0,58.0,54.0,52.0,58.0,60.0,68.0,62.0,48.0,66.0,62.0,60.0,64.0,56.0,56.0,58.0,58.0,56.0,60.0,60.0,50.0,56.0,54.0,46.0,52.0,52.0,60.0,56.0,64.0,62.0,52.0,54.0,54.0,52.0,54.0,60.0,60.0,52.0,50.0,58.0,50.0,60.0,56.0,64.0,58.0,58.0,56.0,54.0,52.0,50.0,54.0,60.0,56.0,64.0,54.0,58.0,58.0,50.0,58.0,54.0,54.0,58.0,58.0,56.0,62.0,56.0,42.0,48.0,58.0,46.0,58.0,48.0,54.0,46.0,54.0,52.0,62.0,56.0,58.0,56.0,56.0,60.0,54.0,58.0,46.0,54.0,62.0,60.0,60.0,58.0,60.0,58.0,60.0,54.0,56.0,52.0,50.0,64.0,64.0,54.0,62.0,60.0,48.0,48.0,54.0,60.0,54.0,58.0,58.0,54.0,56.0,58.0,60.0,56.0,64.0,52.0,60.0,60.0,58.0,58.0,58.0,68.0,56.0,56.0,58.0,58.0,62.0,56.0,70.0,60.0,58.0,56.0,52.0,64.0,60.0,50.0,60.0,58.0,62.0,58.0,64.0,70.0,54.0,64.0,66.0,54.0,66.0,70.0,52.0,56.0,60.0,56.0,62.0,62.0,56.0,56.0,58.0,64.0,60.0,58.0,56.0,66.0,72.0,64.0,56.0,72.0,70.0,58.0,66.0,70.0,68.0,74.0,54.0,64.0,66.0,70.0,52.0,58.0,62.0,60.0,68.0,56.0,66.0,58.0,66.0,58.0,52.0,68.0,64.0,54.0,62.0,58.0,54.0,68.0,64.0,58.0,60.0,62.0,60.0,58.0,54.0,64.0,64.0,70.0,68.0,64.0,62.0,58.0,60.0,58.0,64.0,68.0,52.0,66.0,72.0,64.0,72.0,64.0,64.0,62.0,66.0,70.0,62.0,68.0,62.0,64.0,68.0,70.0,58.0,72.0,70.0,74.0,54.0,54.0,68.0,56.0,58.0,66.0,68.0,60.0,64.0,62.0,58.0,54.0,58.0,70.0,66.0,56.0,64.0,64.0,64.0,76.0,56.0,54.0,64.0,68.0,58.0,64.0,66.0,62.0,60.0,64.0,64.0,74.0,68.0,66.0,64.0,76.0,76.0,76.0,58.0,68.0,66.0,62.0,64.0,70.0,74.0,64.0,74.0,66.0,72.0,82.0,60.0,60.0,76.0,66.0,66.0,66.0,64.0,56.0,72.0,76.0,56.0,74.0,66.0,64.0,68.0,68.0,66.0,70.0,62.0,64.0,70.0,54.0,60.0,74.0,64.0,76.0,68.0,64.0,62.0,66.0,66.0,70.0,70.0,66.0,70.0,66.0,66.0,68.0,74.0,68.0,68.0,66.0,58.0,68.0,66.0,66.0,70.0,66.0,62.0,74.0,68.0,64.0,70.0,64.0,62.0,68.0,70.0,70.0,70.0,64.0,58.0,64.0,68.0,60.0,54.0,66.0,60.0,54.0,62.0,66.0,64.0,72.0,58.0,62.0,68.0,64.0,66.0,66.0,62.0,72.0,68.0,74.0,62.0,72.0,60.0,64.0,68.0,74.0,70.0,70.0,56.0,62.0,74.0,60.0,70.0,68.0,60.0,68.0,66.0,72.0,62.0,72.0,66.0,70.0,72.0,68.0,52.0,68.0,64.0,74.0,70.0,70.0,66.0,70.0,72.0,68.0,68.0,70.0,72.0,66.0,66.0,74.0,54.0,68.0,64.0,74.0,66.0,72.0,60.0,70.0,72.0,62.0,60.0,66.0,68.0,56.0,66.0,68.0,78.0,66.0,72.0,52.0,74.0,70.0,68.0,70.0,66.0,66.0,70.0,68.0,66.0,54.0,82.0,74.0,64.0,62.0,58.0,68.0,74.0,76.0,64.0,76.0,64.0,68.0,78.0,72.0,60.0,76.0,72.0,72.0,66.0,72.0,62.0,62.0,66.0,68.0,62.0,60.0,60.0,68.0,62.0,70.0,72.0,70.0,74.0,74.0,74.0,68.0,62.0,68.0,74.0,68.0,64.0,62.0
12.38954,9.35943,52.0,58.0,62.0,52.0,62.0,58.0,58.0,48.0,58.0,58.0,56.0,64.0,54.0,62.0,58.0,58.0,62.0,66.0,64.0,72.0,62.0,64.0,68.0,62.0,62.0,48.0,58.0,66.0,62.0,64.0,58.0,70.0,60.0,60.0,66.0,58.0,66.0,64.0,64.0,64.0,64.0,72.0,60.0,64.0,66.0,58.0,62.0,60.0,58.0,64.0,70.0,66.0,60.0,66.0,60.0,64.0,56.0,60.0,66.0,62.0,56.0,62.0,58.0,62.0,58.0,62.0,68.0,58.0,54.0,68.0,62.0,58.0,74.0,66.0,68.0,68.0,64.0,72.0,66.0,68.0,64.0,62.0,58.0,68.0,58.0,70.0,72.0,76.0,62.0,66.0,62.0,66.0,70.0,58.0,52.0,58.0,56.0,60.0,56.0,56.0,58.0,50.0,62.0,56.0,60.0,58.0,50.0,58.0,62.0,62.0,60.0,48.0,60.0,54.0,52.0,52.0,52.0,58.0,54.0,50.0,52.0,52.0,56.0,54.0,54.0,54.0,60.0,52.0,58.0,52.0,54.0,52.0,50.0,56.0,54.0,54.0,50.0,62.0,56.0,56.0,54.0,50.0,58.0,64.0,60.0,50.0,50.0,48.0,60.0,50.0,52.0,50.0,52.0,60.0,48.0,62.0,54.0,60.0,46.0,52.0,60.0,50.0,60.0,52.0,42.0,52.0,54.0,54.0,42.0,52.0,46.0,50.0,48.0,56.0,58.0,52.0,50.0,58.0,52.0,50.0,56.0,56.0,50.0,58.0,58.0,68.0,52.0,64.0,58.0,66.0,60.0,58.0,58.0,58.0,52.0,58.0,56.0,54.0,54.0,56.0,52.0,58.0,58.0,50.0,56.0,56.0,50.0,50.0,50.0,44.0,54.0,56.0,60.0,58.0,56.0,50.0,50.0,52.0,46.0,52.0,48.0,50.0,48.0,52.0,54.0,46.0,52.0,58.0,52.0,56.0,50.0,50.0,52.0,54.0,50.0,50.0,46.0,38.0,52.0,42.0,44.0,42.0,44.0,52.0,56.0,42.0,60.0,50.0,50.0,52.0,58.0,50.0,46.0,48.0,50.0,58.0,48.0,54.0,54.0,58.0,62.0,52.0,48.0,54.0,54.0,54.0,52.0,62.0,54.0,46.0,50.0,48.0,54.0,48.0,54.0,48.0,48.0,54.0,50.0,46.0,52.0,48.0,48.0,52.0,50.0,52.0,54.0,50.0,46.0,52.0,58.0,46.0,48.0,54.0,54.0,58.0,60.0,58.0,48.0,52.0,52.0,54.0,48.0,56.0,58.0,58.0,52.0,56.0,52.0,50.0,54.0,44.0,44.0,44.0,52.0,56.0,52.0,46.0,56.0,48.0,56.0,52.0,54.0,56.0,56.0,48.0,60.0,60.0,56.0,60.0,50.0,46.0,54.0,52.0,44.0,60.0,58.0,50.0,48.0,54.0,58.0,64.0,56.0,54.0,62.0,46.0,56.0,52.0,54.0,54.0,62.0,60.0,54.0,52.0,56.0,54.0,50.0,56.0,48.0,60.0,48.0,52.0,52.0,62.0,46.0,52.0,56.0,56.0,50.0,62.0,50.0,60.0,58.0,52.0,56.0,52.0,60.0,50.0,54.0,60.0,48.0,54.0,58.0,56.0,58.0,58.0,56.0,54.0,56.0,56.0,48.0,50.0,54.0,54.0,48.0,54.0,70.0,60.0,62.0,52.0,48.0,62.0,56.0,62.0,56.0,58.0,64.0,58.0,56.0,52.0,60.0,64.0,64.0,52.0,62.0,52.0,50.0,60.0,62.0,54.0,60.0,64.0,48.0,48.0,66.0,58.0,54.0,64.0,58.0,58.0,54.0,46.0,48.0,66.0,52.0,56.0,60.0,60.0,56.0,54.0,56.0,56.0,66.0,64.0,58.0,66.0,52.0,60.0,54.0,56.0,48.0,52.0,54.0,52.0,56.0,60.0,56.0,56.0,54.0,52.0,64.0,54.0,58.0,56.0,62.0,58.0,52.0,52.0,58.0,60.0,58.0,62.0,62.0,52.0,66.0,64.0,60.0,58.0,62.0,52.0,62.0,58.0,62.0,54.0,68.0,54.0,54.0,56.0,54.0,66.0,62.0,62.0,56.0,56.0,58.0,58.0,74.0,64.0,58.0,52.0,56.0,62.0,64.0,58.0,56.0,58.0,60.0,54.0,62.0,58.0,68.0,54.0,58.0,62.0,52.0,58.0,62.0,52.0,58.0,62.0,54.0,58.0,68.0,60.0,60.0,54.0,52.0,60.0,60.0,56.0,52.0,54.0,64.0,62.0,54.0,64.0,58.0,62.0,56.0,58.0,60.0,58.0,50.0,66.0,62.0,54.0,62.0,60.0,60.0,64.0,52.0,52.0,56.0,56.0,48.0,48.0,58.0,56.0,56.0,60.0,46.0,54.0,56.0,56.0,54.0,48.0,54.0,58.0,58.0,58.0,56.0,58.0,56.0,60.0,54.0,62.0,52.0,68.0,56.0,58.0,58.0,52.0,56.0,62.0,64.0,58.0,52.0,62.0,48.0,56.0,64.0,52.0,64.0,56.0,60.0,60.0,64.0,62.0,62.0,64.0,60.0,64.0,58.0,70.0,62.0,60.0,58.0,62.0,58.0,58.0,58.0,46.0,58.0,56.0,52.0,52.0,54.0,62.0,56.0,60.0,58.0,64.0,56.0,54.0,62.0,54.0,56.0,52.0,58.0,54.0,62.0,56.0,64.0,60.0,56.0,56.0,58.0,56.0,58.0,64.0,52.0,60.0,60.0,62.0,62.0,58.0,50.0,58.0,60.0,64.0,52.0,66.0,64.0,58.0,56.0,60.0,56.0,62.0,58.0,64.0,60.0,62.0,64.0,58.0,60.0,62.0,66.0,56.0,62.0,64.0,48.0,64.0,60.0,60.0,62.0,66.0,66.0,58.0,64.0,58.0,66.0
12.38954,10.91933,66.0,54.0,60.0,60.0,70.0,54.0,58.0,58.0,56.0,74.0,66.0,62.0,68.0,64.0,60.0,66.0,56.0,68.0,74.0,72.0,68.0,72.0,82.0,76.0,74.0,76.0,76.0,82.0,74.0,72.0,64.0,74.0,68.0,74.0,72.0,70.0,74.0,74.0,86.0,76.0,78.0,76.0,76.0,76.0,72.0,74.0,74.0,76.0,74.0,78.0,74.0,74.0,66.0,76.0,74.0,68.0,74.0,74.0,80.0,82.0,80.0,82.0,80.0,74.0,82.0,70.0,72.0,90.0,82.0,86.0,82.0,86.0,76.0,86.0,76.0,86.0,80.0,78.0,76.0,76.0,90.0,84.0,74.0,80.0,82.0,86.0,86.0,80.0,84.0,86.0,82.0,86.0,88.0,78.0,72.0,72.0,76.0,72.0,74.0,82.0,74.0,66.0,74.0,76.0,76.0,72.0,66.0,88.0,80.0,74.0,74.0,78.0,76.0,68.0,72.0,70.0,60.0,78.0,60.0,68.0,74.0,68.0,56.0,70.0,66.0,52.0,68.0,64.0,70.0,62.0,62.0,68.0,58.0,66.0,68.0,64.0,68.0,62.0,58.0,62.0,58.0,72.0,64.0,80.0,62.0,68.0,64.0,70.0,62.0,60.0,70.0,72.0,70.0,64.0,66.0,70.0,70.0,60.0,68.0,62.0,74.0,62.0,64.0,78.0,76.0,68.0,64.0,66.0,70.0,62.0,66.0,68.0,62.0,70.0,70.0,62.0,70.0,60.0,76.0,62.0,68.0,78.0,74.0,76.0,78.0,82.0,88.0,76.0,66.0,86.0,70.0,70.0,80.0,72.0,68.0,78.0,70.0,74.0,66.0,80.0,74.0,68.0,86.0,62.0,66.0,68.0,66.0,70.0,70.0,68.0,60.0,60.0,66.0,66.0,58.0,46.0,54.0,58.0,54.0,60.0,54.0,46.0,56.0,52.0,56.0,54.0,54.0,52.0,62.0,58.0,48.0,56.0,44.0,66.0,46.0,52.0,56.0,54.0,48.0,58.0,50.0,58.0,56.0,52.0,56.0,48.0,56.0,48.0,50.0,44.0,56.0,50.0,42.0,54.0,52.0,58.0,50.0,58.0,42.0,58.0,58.0,50.0,50.0,44.0,56.0,46.0,56.0,54.0,56.0,58.0,56.0,50.0,48.0,52.0,56.0,58.0,48.0,48.0,60.0,48.0,60.0,50.0,50.0,48.0,54.0,54.0,50.0,58.0,38.0,60.0,46.0,46.0,50.0,48.0,54.0,44.0,50.0,58.0,54.0,54.0,50.0,50.0,52.0,64.0,40.0,52.0,58.0,44.0,50.0,50.0,44.0,48.0,48.0,38.0,52.0,54.0,56.0,52.0,56.0,58.0,44.0,52.0,56.0,48.0,48.0,54.0,54.0,56.0,40.0,66.0,48.0,54.0,52.0,52.0,50.0,50.0,48.0,48.0,56.0,48.0,50.0,50.0,50.0,50.0,54.0,54.0,62.0,44.0,48.0,48.0,52.0,60.0,56.0,50.0,48.0,56.0,60.0,50.0,58.0,56.0,56.0,54.0,52.0,60.0,62.0,50.0,54.0,60.0,54.0,56.0,52.0,64.0,50.0,52.0,50.0,56.0,64.0,52.0,52.0,52.0,58.0,54.0,58.0,56.0,62.0,58.0,50.0,56.0,46.0,58.0,46.0,54.0,56.0,44.0,62.0,66.0,52.0,48.0,58.0,46.0,48.0,54.0,44.0,54.0,52.0,54.0,50.0,58.0,46.0,50.0,58.0,62.0,60.0,54.0,58.0,50.0,62.0,60.0,50.0,62.0,60.0,56.0,60.0,54.0,60.0,52.0,54.0,56.0,68.0,60.0,48.0,58.0,56.0,64.0,62.0,62.0,56.0,54.0,68.0,56.0,52.0,60.0,60.0,48.0,58.0,48.0,64.0,56.0,60.0,58.0,60.0,64.0,66.0,56.0,60.0,56.0,60.0,48.0,60.0,50.0,58.0,64.0,52.0,58.0,62.0,62.0,58.0,54.0,58.0,62.0,62.0,60.0,56.0,64.0,62.0,54.0,58.0,66.0,62.0,48.0,58.0,56.0,64.0,58.0,50.0,62.0,54.0,50.0,62.0,60.0,60.0,52.0,52.0,52.0,52.0,60.0,58.0,52.0,50.0,54.0,58.0,62.0,62.0,42.0,56.0,44.0,60.0,54.0,60.0,56.0,62.0,62.0,60.0,60.0,60.0,52.0,54.0,50.0,56.0,62.0,62.0,58.0,52.0,54.0,54.0,50.0,54.0,60.0,54.0,54.0,64.0,52.0,50.0,56.0,52.0,58.0,52.0,60.0,42.0,52.0,56.0,62.0,56.0,50.0,62.0,60.0,52.0,54.0,56.0,58.0,70.0,52.0,50.0,58.0,60.0,60.0,46.0,46.0,52.0,60.0,54.0,50.0,38.0,54.0,54.0,54.0,50.0,52.0,62.0,60.0,64.0,62.0,54.0,50.0,58.0,62.0,54.0,50.0,60.0,52.0,58.0,66.0,66.0,62.0,60.0,54.0,56.0,54.0,54.0,54.0,54.0,50.0,60.0,54.0,58.0,62.0,58.0,52.0,52.0,54.0,58.0,54.0,66.0,58.0,46.0,54.0,52.0,54.0,54.0,64.0,56.0,54.0,50.0,52.0,60.0,50.0,60.0,54.0,58.0,56.0,54.0,56.0,48.0,52.0,56.0,56.0,52.0,52.0,58.0,42.0,68.0,58.0,48.0,40.0,54.0,58.0,56.0,54.0,46.0,56.0,58.0,50.0,58.0,56.0,56.0,50.0,50.0,58.0,56.0,56.0,54.0,58.0,58.0,52.0,50.0,52.0,62.0,60.0,58.0,56.0,52.0,56.0,64.0,64.0,48.0,58.0,58.0,62.0,62.0,58.0,60.0,48.0,70.0,56.0,42.0,50.0,58.0,52.0,60.0,52.0,56.0
12.38954,12.479230000000001,58.0,50.0,54.0,46.0,54.0,58.0,50.0,58.0,52.0,52.0,54.0,58.0,52.0,52.0,54.0,60.0,50.0,64.0,52.0,74.0,66.0,58.0,62.0,64.0,58.0,62.0,58.0,72.0,64.0,68.0,60.0,62.0,60.0,60.0,64.0,62.0,62.0,64.0,70.0,56.0,70.0,68.0,60.0,74.0,56.0,58.0,58.0,56.0,72.0,70.0,68.0,58.0,64.0,62.0,74.0,60.0,72.0,56.0,62.0,74.0,66.0,62.0,68.0,64.0,62.0,66.0,60.0,70.0,66.0,66.0,72.0,68.0,68.0,72.0,62.0,74.0,70.0,74.0,68.0,70.0,72.0,64.0,72.0,68.0,74.0,78.0,58.0,82.0,62.0,68.0,70.0,64.0,68.0,64.0,64.0,56.0,56.0,66.0,60.0,58.0,60.0,54.0,58.0,56.0,56.0,62.0,62.0,62.0,64.0,58.0,62.0,52.0,58.0,58.0,64.0,68.0,66.0,62.0,58.0,58.0,70.0,60.0,56.0,48.0,58.0,58.0,58.0,58.0,64.0,56.0,58.0,58.0,64.0,64.0,58.0,62.0,58.0,54.0,56.0,48.0,56.0,62.0,62.0,64.0,62.0,56.0,60.0,56.0,60.0,44.0,56.0,60.0,52.0,66.0,54.0,52.0,54.0,58.0,60.0,62.0,62.0,46.0,64.0,44.0,60.0,64.0,56.0,60.0,62.0,64.0,60.0,60.0,60.0,54.0,56.0,62.0,64.0,70.0,68.0,64.0,74.0,64.0,80.0,80.0,78.0,80.0,86.0,76.0,74.0,74.0,82.0,72.0,78.0,72.0,56.0,64.0,70.0,62.0,66.0,64.0,60.0,60.0,48.0,66.0,58.0,54.0,54.0,54.0,52.0,50.0,52.0,56.0,48.0,48.0,52.0,56.0,54.0,56.0,40.0,48.0,46.0,54.0,46.0,42.0,42.0,46.0,50.0,54.0,50.0,46.0,54.0,42.0,50.0,44.0,40.0,36.0,38.0,42.0,52.0,54.0,42.0,50.0,48.0,42.0,46.0,50.0,46.0,52.0,46.0,52.0,38.0,48.0,44.0,54.0,48.0,44.0,42.0,44.0,42.0,46.0,40.0,38.0,40.0,46.0,46.0,40.0,42.0,50.0,46.0,38.0,50.0,46.0,48.0,46.0,46.0,44.0,52.0,40.0,40.0,42.0,50.0,46.0,46.0,46.0,42.0,42.0,46.0,48.0,38.0,42.0,50.0,46.0,44.0,42.0,48.0,40.0,50.0,46.0,38.0,48.0,46.0,42.0,46.0,56.0,40.0,54.0,38.0,46.0,46.0,42.0,38.0,42.0,48.0,56.0,40.0,44.0,48.0,42.0,46.0,50.0,44.0,38.0,40.0,48.0,38.0,42.0,48.0,36.0,46.0,42.0,40.0,46.0,44.0,48.0,44.0,44.0,52.0,56.0,46.0,42.0,50.0,46.0,46.0,48.0,48.0,50.0,46.0,42.0,46.0,46.0,48.0,52.0,48.0,42.0,52.0,56.0,52.0,48.0,46.0,48.0,46.0,44.0,50.0,52.0,42.0,48.0,48.0,42.0,52.0,44.0,50.0,48.0,46.0,42.0,48.0,48.0,42.0,56.0,52.0,46.0,40.0,52.0,40.0,44.0,58.0,48.0,42.0,56.0,48.0,50.0,56.0,42.0,42.0,54.0,40.0,60.0,52.0,48.0,50.0,44.0,52.0,48.0,44.0,50.0,42.0,50.0,52.0,48.0,50.0,46.0,44.0,42.0,46.0,56.0,48.0,50.0,48.0,60.0,50.0,54.0,58.0,58.0,52.0,50.0,46.0,50.0,48.0,46.0,60.0,58.0,46.0,48.0,46.0,46.0,48.0,48.0,54.0,54.0,42.0,56.0,52.0,56.0,48.0,54.0,56.0,48.0,44.0,56.0,56.0,48.0,56.0,48.0,46.0,54.0,48.0,58.0,54.0,50.0,48.0,54.0,52.0,48.0,60.0,42.0,60.0,42.0,50.0,54.0,50.0,52.0,46.0,56.0,50.0,54.0,50.0,50.0,44.0,42.0,48.0,50.0,48.0,52.0,48.0,48.0,50.0,46.0,48.0,44.0,50.0,32.0,44.0,50.0,50.0,46.0,44.0,52.0,54.0,46.0,42.0,44.0,52.0,50.0,52.0,44.0,50.0,44.0,54.0,46.0,54.0,50.0,40.0,56.0,48.0,48.0,36.0,48.0,44.0,56.0,54.0,54.0,52.0,46.0,50.0,48.0,46.0,46.0,52.0,50.0,48.0,52.0,50.0,60.0,42.0,54.0,48.0,50.0,58.0,56.0,54.0,52.0,50.0,50.0,52.0,46.0,46.0,42.0,46.0,50.0,50.0,40.0,44.0,48.0,50.0,50.0,48.0,42.0,50.0,50.0,42.0,46.0,44.0,52.0,52.0,42.0,40.0,54.0,44.0,50.0,52.0,44.0,50.0,56.0,46.0,50.0,48.0,46.0,50.0,50.0,50.0,50.0,44.0,38.0,54.0,62.0,44.0,54.0,50.0,44.0,50.0,54.0,38.0,44.0,52.0,48.0,46.0,40.0,56.0,52.0,38.0,46.0,46.0,46.0,50.0,42.0,48.0,44.0,54.0,50.0,44.0,54.0,52.0,56.0,50.0,54.0,56.0,44.0,50.0,48.0,42.0,48.0,48.0,44.0,46.0,50.0,38.0,48.0,50.0,48.0,40.0,44.0,48.0,56.0,48.0,48.0,58.0,48.0,48.0,46.0,48.0,54.0,36.0,56.0,46.0,50.0,54.0,54.0,50.0,48.0,54.0,44.0,42.0,54.0,50.0,46.0,44.0,42.0,50.0,50.0,54.0,58.0,44.0,46.0,48.0,56.0,36.0,52.0,54.0,50.0,40.0,52.0,58.0,40.0,48.0,42.0,62.0,40.0,46.0,56.0,50.0,48.0,54.0
12.38954,14.03914,54.0,50.0,52.0,56.0,60.0,48.0,58.0,38.0,50.0,50.0,42.0,48.0,48.0,54.0,52.0,52.0,56.0,60.0,60.0,62.0,60.0,46.0,56.0,64.0,50.0,74.0,58.0,68.0,60.0,64.0,62.0,50.0,58.0,68.0,62.0,60.0,60.0,66.0,66.0,54.0,56.0,66.0,54.0,60.0,56.0,58.0,60.0,58.0,54.0,55.0,56.0,56.0,54.0,56.0,60.0,56.0,60.0,62.0,60.0,58.0,54.0,56.0,62.0,66.0,66.0,66.0,64.0,66.0,56.0,62.0,58.0,74.0,64.0,58.0,68.0,70.0,66.0,66.0,66.0,68.0,62.0,50.0,56.0,68.0,68.0,76.0,70.0,66.0,66.0,66.0,78.0,66.0,64.0,56.0,58.0,58.0,58.0,44.0,46.0,54.0,54.0,60.0,54.0,56.0,58.0,52.0,56.0,52.0,56.0,64.0,56.0,54.0,56.0,56.0,54.0,60.0,50.0,56.0,52.0,50.0,62.0,56.0,62.0,62.0,60.0,54.0,60.0,54.0,54.0,48.0,60.0,60.0,58.0,60.0,58.0,60.0,56.0,62.0,68.0,58.0,58.0,70.0,66.0,60.0,64.0,62.0,68.0,68.0,56.0,64.0,60.0,60.0,52.0,64.0,54.0,52.0,56.0,44.0,58.0,56.0,52.0,56.0,62.0,42.0,48.0,48.0,54.0,60.0,50.0,50.0,60.0,52.0,50.0,60.0,48.0,60.0,56.0,62.0,64.0,72.0,72.0,80.0,76.0,78.0,86.0,82.0,98.0,88.0,78.0,90.0,82.0,68.0,74.0,72.0,72.0,74.0,72.0,68.0,60.0,62.0,56.0,58.0,60.0,58.0,62.0,62.0,58.0,54.0,60.0,46.0,52.0,46.0,52.0,50.0,52.0,38.0,48.0,46.0,48.0,50.0,52.0,48.0,44.0,54.0,40.0,52.0,50.0,46.0,46.0,44.0,48.0,50.0,38.0,54.0,54.0,34.0,48.0,44.0,44.0,50.0,44.0,46.0,46.0,46.0,38.0,40.0,48.0,48.0,46.0,48.0,42.0,46.0,42.0,42.0,50.0,54.0,48.0,44.0,44.0,48.0,54.0,38.0,54.0,40.0,48.0,48.0,44.0,52.0,48.0,48.0,48.0,42.0,54.0,52.0,54.0,46.0,42.0,42.0,48.0,46.0,44.0,46.0,38.0,40.0,44.0,54.0,50.0,42.0,46.0,36.0,44.0,48.0,40.0,46.0,40.0,52.0,44.0,48.0,42.0,50.0,50.0,46.0,46.0,48.0,54.0,44.0,46.0,40.0,50.0,52.0,56.0,44.0,56.0,50.0,52.0,50.0,48.0,50.0,42.0,50.0,44.0,54.0,48.0,50.0,52.0,46.0,52.0,48.0,42.0,56.0,48.0,48.0,50.0,46.0,50.0,48.0,38.0,54.0,50.0,50.0,46.0,54.0,54.0,40.0,42.0,54.0,44.0,48.0,52.0,48.0,46.0,60.0,54.0,50.0,44.0,46.0,50.0,58.0,54.0,60.0,50.0,52.0,48.0,52.0,44.0,42.0,44.0,44.0,48.0,50.0,48.0,50.0,48.0,56.0,50.0,42.0,42.0,52.0,48.0,50.0,50.0,56.0,58.0,52.0,56.0,46.0,62.0,52.0,48.0,48.0,60.0,44.0,52.0,56.0,54.0,50.0,58.0,58.0,48.0,56.0,46.0,40.0,56.0,52.0,48.0,44.0,54.0,54.0,58.0,56.0,50.0,50.0,44.0,54.0,50.0,56.0,48.0,52.0,50.0,50.0,50.0,60.0,54.0,46.0,58.0,56.0,48.0,52.0,50.0,64.0,50.0,46.0,38.0,56.0,48.0,58.0,62.0,56.0,50.0,62.0,48.0,64.0,50.0,60.0,46.0,56.0,56.0,56.0,60.0,54.0,60.0,50.0,52.0,56.0,66.0,54.0,54.0,58.0,52.0,52.0,62.0,52.0,46.0,62.0,56.0,52.0,48.0,56.0,56.0,40.0,54.0,62.0,58.0,52.0,62.0,58.0,46.0,56.0,58.0,48.0,50.0,52.0,50.0,52.0,38.0,56.0,60.0,54.0,56.0,52.0,52.0,48.0,50.0,44.0,56.0,46.0,54.0,54.0,48.0,56.0,52.0,42.0,52.0,44.0,50.0,54.0,64.0,52.0,48.0,50.0,56.0,50.0,50.0,48.0,60.0,58.0,54.0,54.0,58.0,54.0,56.0,52.0,46.0,54.0,54.0,50.0,50.0,54.0,52.0,52.0,54.0,50.0,44.0,46.0,58.0,50.0,54.0,54.0,52.0,52.0,54.0,54.0,50.0,52.0,48.0,50.0,48.0,52.0,52.0,50.0,54.0,54.0,52.0,46.0,48.0,48.0,54.0,50.0,48.0,62.0,52.0,54.0,58.0,56.0,48.0,48.0,56.0,50.0,66.0,54.0,60.0,62.0,52.0,52.0,54.0,46.0,54.0,56.0,50.0,50.0,52.0,52.0,44.0,42.0,50.0,50.0,50.0,54.0,46.0,62.0,46.0,44.0,52.0,50.0,52.0,46.0,54.0,58.0,54.0,52.0,60.0,58.0,56.0,54.0,64.0,60.0,48.0,52.0,42.0,60.0,58.0,54.0,56.0,58.0,56.0,48.0,58.0,50.0,54.0,52.0,58.0,52.0,54.0,46.0,52.0,58.0,54.0,62.0,52.0,54.0,56.0,58.0,48.0,56.0,62.0,54.0,48.0,48.0,50.0,50.0,54.0,54.0,54.0,42.0,52.0,54.0,50.0,62.0,58.0,52.0,52.0,54.0,52.0,48.0,50.0,46.0,50.0,58.0,62.0,62.0,52.0,58.0,58.0,56.0,54.0,58.0,60.0,52.0,54.0,56.0,50.0,46.0,50.0,54.0,52.0,52.0,56.0,48.0,52.0,62.0,54.0
13.93824,0.0,150.0,176.0,166.0,150.0,166.0,176.0,158.0,170.0,160.0,166.0,166.0,168.0,150.0,164.0,168.0,190.0,196.0,160.0,196.0,176.0,190.0,178.0,188.0,190.0,188.0,202.0,196.0,198.0,206.0,194.0,196.0,186.0,178.0,170.0,200.0,178.0,176.0,196.0,164.0,172.0,178.0,172.0,176.0,176.0,166.0,198.0,184.0,188.0,182.0,173.0,164.0,198.0,196.0,194.0,210.0,184.0,196.0,194.0,212.0,220.0,190.0,196.0,204.0,192.0,194.0,202.0,172.0,184.0,168.0,162.0,180.0,164.0,170.0,190.0,180.0,200.0,180.0,196.0,186.0,184.0,184.0,174.0,162.0,190.0,182.0,188.0,182.0,188.0,182.0,180.0,184.0,184.0,190.0,194.0,186.0,186.0,170.0,180.0,188.0,174.0,172.0,170.0,192.0,200.0,162.0,198.0,186.0,170.0,186.0,178.0,164.0,182.0,190.0,186.0,180.0,184.0,190.0,178.0,174.0,180.0,188.0,182.0,208.0,188.0,204.0,192.0,196.0,206.0,206.0,192.0,220.0,218.0,234.0,240.0,238.0,238.0,228.0,228.0,210.0,208.0,184.0,186.0,180.0,194.0,190.0,174.0,202.0,192.0,192.0,186.0,198.0,218.0,198.0,202.0,212.0,184.0,186.0,190.0,184.0,196.0,178.0,178.0,206.0,170.0,192.0,196.0,200.0,194.0,190.0,194.0,172.0,202.0,196.0,186.0,176.0,178.0,206.0,186.0,192.0,192.0,202.0,196.0,166.0,196.0,194.0,196.0,208.0,192.0,200.0,190.0,184.0,198.0,188.0,176.0,190.0,194.0,202.0,194.0,192.0,192.0,186.0,196.0,194.0,198.0,186.0,200.0,198.0,168.0,184.0,210.0,190.0,202.0,204.0,208.0,178.0,200.0,196.0,200.0,204.0,192.0,200.0,204.0,204.0,212.0,202.0,206.0,212.0,204.0,212.0,200.0,216.0,188.0,202.0,210.0,194.0,204.0,202.0,212.0,196.0,194.0,194.0,204.0,196.0,198.0,220.0,200.0,200.0,194.0,212.0,222.0,208.0,210.0,208.0,206.0,206.0,206.0,210.0,216.0,214.0,202.0,226.0,220.0,208.0,194.0,212.0,210.0,208.0,212.0,210.0,214.0,220.0,224.0,214.0,200.0,206.0,212.0,216.0,204.0,222.0,228.0,228.0,196.0,218.0,214.0,228.0,210.0,216.0,214.0,210.0,222.0,222.0,242.0,242.0,222.0,222.0,218.0,212.0,226.0,204.0,248.0,220.0,216.0,218.0,220.0,250.0,216.0,214.0,218.0,240.0,226.0,222.0,210.0,214.0,236.0,222.0,219.0,216.0,228.0,222.0,212.0,228.0,226.0,232.0,218.0,238.0,220.0,244.0,208.0,218.0,222.0,234.0,224.0,238.0,238.0,232.0,206.0,230.0,226.0,238.0,214.0,252.0,240.0,248.0,222.0,232.0,200.0,236.0,236.0,224.0,234.0,240.0,220.0,210.0,256.0,244.0,230.0,232.0,246.0,228.0,222.0,230.0,230.0,232.0,242.0,234.0,228.0,224.0,256.0,226.0,242.0,244.0,226.0,246.0,222.0,250.0,238.0,240.0,240.0,250.0,238.0,218.0,234.0,246.0,228.0,278.0,252.0,226.0,230.0,248.0,246.0,242.0,232.0,256.0,232.0,244.0,250.0,248.0,218.0,232.0,240.0,234.0,236.0,244.0,228.0,242.0,266.0,234.0,252.0,232.0,228.0,244.0,236.0,232.0,230.0,234.0,242.0,232.0,240.0,246.0,230.0,254.0,256.0,264.0,244.0,256.0,242.0,224.0,242.0,276.0,224.0,240.0,244.0,250.0,230.0,244.0,236.0,242.0,256.0,236.0,238.0,246.0,256.0,244.0,256.0,252.0,258.0,244.0,244.0,232.0,256.0,238.0,246.0,254.0,240.0,256.0,240.0,250.0,250.0,240.0,262.0,250.0,252.0,238.0,242.0,248.0,240.0,250.0,236.0,258.0,254.0,272.0,246.0,250.0,254.0,254.0,266.0,278.0,246.0,248.0,272.0,254.0,262.0,258.0,270.0,248.0,250.0,252.0,244.0,246.0,224.0,240.0,270.0,260.0,242.0,228.0,246.0,234.0,248.0,252.0,262.0,256.0,246.0,264.0,242.0,228.0,254.0,236.0,254.0,266.0,278.0,250.0,232.0,258.0,246.0,254.0,264.0,240.0,254.0,268.0,254.0,274.0,272.0,260.0,262.0,298.0,320.0,320.0,270.0,272.0,256.0,252.0,272.0,266.0,272.0,264.0,260.0,254.0,262.0,260.0,262.0,264.0,268.0,250.0,258.0,264.0,266.0,264.0,272.0,248.0,264.0,250.0,242.0,240.0,264.0,268.0,244.0,256.0,250.0,258.0,258.0,242.0,262.0,254.0,262.0,254.0,270.0,288.0,260.0,276.0,262.0,262.0,262.0,254.0,254.0,272.0,268.0,266.0,264.0,258.0,250.0,282.0,264.0,246.0,268.0,270.0,266.0,248.0,274.0,262.0,260.0,270.0,280.0,268.0,292.0,268.0,284.0,274.0,248.0,264.0,268.0,282.0,266.0,260.0,280.0,250.0,250.0,262.0,262.0,252.0,274.0,268.0,278.0,266.0,260.0,284.0,274.0,244.0,246.0,234.0,272.0,274.0,268.0,268.0,270.0,286.0,282.0,264.0,260.0,260.0,252.0,262.0,266.0,266.0,280.0,266.0,270.0,268.0,280.0,262.0,288.0,282.0,284.0,280.0,274.0,276.0,290.0,286.0,280.0,268.0,282.0,270.0,280.0,268.0,284.0,262.0,264.0,288.0,304.0,278.0,294.0,282.0,282.0,292.0,254.0,272.0,266.0,268.0,264.0,278.0,262.0,258.0,276.0,278.0,280.0,282.0,274.0,270.0,252.0,286.0,290.0,260.0
13.93824,1.5599100000000004,150.0,138.0,138.0,152.0,144.0,128.0,132.0,148.0,148.0,138.0,122.0,136.0,126.0,144.0,146.0,144.0,136.0,136.0,158.0,154.0,148.0,152.0,156.0,166.0,158.0,164.0,178.0,180.0,184.0,164.0,162.0,166.0,160.0,176.0,164.0,154.0,158.0,154.0,156.0,148.0,144.0,142.0,154.0,142.0,134.0,148.0,152.0,150.0,150.0,164.0,178.0,136.0,166.0,162.0,176.0,166.0,152.0,170.0,164.0,180.0,174.0,174.0,154.0,146.0,156.0,158.0,156.0,136.0,156.0,134.0,140.0,146.0,144.0,144.0,162.0,166.0,152.0,168.0,150.0,170.0,144.0,152.0,142.0,160.0,146.0,158.0,160.0,170.0,156.0,160.0,170.0,152.0,156.0,146.0,150.0,164.0,140.0,154.0,156.0,134.0,150.0,152.0,130.0,158.0,134.0,144.0,144.0,138.0,158.0,154.0,158.0,160.0,148.0,156.0,164.0,162.0,152.0,146.0,156.0,150.0,154.0,154.0,172.0,170.0,166.0,174.0,164.0,172.0,176.0,168.0,178.0,192.0,194.0,212.0,196.0,172.0,178.0,176.0,166.0,164.0,166.0,156.0,164.0,142.0,154.0,150.0,158.0,142.0,158.0,156.0,148.0,166.0,150.0,164.0,152.0,160.0,146.0,160.0,156.0,144.0,154.0,152.0,158.0,156.0,142.0,164.0,150.0,156.0,162.0,162.0,160.0,152.0,164.0,150.0,156.0,158.0,152.0,154.0,146.0,134.0,142.0,160.0,158.0,180.0,172.0,168.0,170.0,162.0,166.0,150.0,160.0,162.0,164.0,160.0,152.0,156.0,168.0,136.0,142.0,170.0,166.0,150.0,162.0,164.0,162.0,160.0,166.0,164.0,162.0,162.0,166.0,166.0,168.0,168.0,182.0,170.0,172.0,166.0,152.0,164.0,160.0,166.0,174.0,170.0,152.0,164.0,164.0,150.0,164.0,156.0,172.0,172.0,168.0,170.0,154.0,168.0,168.0,156.0,164.0,176.0,174.0,156.0,182.0,158.0,186.0,172.0,160.0,158.0,168.0,158.0,172.0,172.0,156.0,170.0,176.0,180.0,170.0,164.0,182.0,162.0,180.0,162.0,182.0,172.0,170.0,156.0,162.0,170.0,168.0,170.0,164.0,172.0,174.0,174.0,176.0,166.0,180.0,176.0,170.0,190.0,176.0,176.0,178.0,184.0,160.0,182.0,180.0,174.0,172.0,170.0,178.0,184.0,182.0,186.0,182.0,172.0,168.0,178.0,174.0,180.0,182.0,180.0,180.0,196.0,192.0,172.0,188.0,202.0,178.0,162.0,180.0,176.0,186.0,188.0,186.0,182.0,178.0,190.0,192.0,196.0,176.0,184.0,180.0,184.0,178.0,202.0,184.0,184.0,190.0,192.0,180.0,184.0,194.0,196.0,178.0,198.0,176.0,184.0,182.0,184.0,184.0,198.0,184.0,190.0,186.0,190.0,190.0,192.0,190.0,192.0,200.0,192.0,178.0,182.0,188.0,204.0,188.0,212.0,196.0,198.0,190.0,194.0,190.0,198.0,174.0,192.0,218.0,242.0,208.0,194.0,196.0,174.0,188.0,212.0,188.0,196.0,172.0,200.0,180.0,208.0,194.0,198.0,192.0,184.0,196.0,194.0,180.0,208.0,200.0,196.0,184.0,200.0,184.0,176.0,198.0,202.0,190.0,200.0,180.0,174.0,196.0,212.0,190.0,204.0,206.0,184.0,202.0,214.0,178.0,196.0,196.0,192.0,214.0,202.0,196.0,212.0,220.0,190.0,206.0,206.0,198.0,216.0,214.0,208.0,200.0,200.0,204.0,214.0,208.0,218.0,198.0,206.0,210.0,198.0,210.0,210.0,200.0,196.0,200.0,210.0,212.0,200.0,210.0,200.0,204.0,216.0,210.0,208.0,204.0,196.0,204.0,198.0,190.0,204.0,212.0,214.0,204.0,216.0,218.0,192.0,192.0,206.0,200.0,202.0,216.0,206.0,194.0,208.0,206.0,212.0,224.0,228.0,214.0,208.0,218.0,204.0,208.0,216.0,210.0,204.0,208.0,208.0,214.0,222.0,202.0,222.0,198.0,204.0,238.0,208.0,212.0,224.0,198.0,202.0,212.0,212.0,196.0,214.0,208.0,206.0,220.0,216.0,224.0,218.0,210.0,200.0,220.0,204.0,220.0,218.0,218.0,206.0,212.0,214.0,202.0,222.0,218.0,234.0,228.0,212.0,208.0,198.0,224.0,210.0,200.0,212.0,228.0,238.0,228.0,224.0,244.0,220.0,204.0,208.0,204.0,222.0,214.0,212.0,194.0,220.0,206.0,222.0,230.0,214.0,230.0,204.0,208.0,216.0,212.0,200.0,224.0,206.0,222.0,220.0,218.0,206.0,222.0,222.0,232.0,218.0,222.0,224.0,220.0,224.0,208.0,214.0,220.0,214.0,208.0,214.0,226.0,210.0,226.0,220.0,212.0,238.0,220.0,236.0,206.0,212.0,226.0,222.0,222.0,234.0,234.0,228.0,226.0,214.0,202.0,208.0,218.0,222.0,226.0,206.0,222.0,218.0,224.0,234.0,216.0,222.0,226.0,214.0,224.0,226.0,212.0,224.0,222.0,222.0,214.0,220.0,236.0,218.0,212.0,224.0,208.0,234.0,226.0,208.0,210.0,236.0,238.0,224.0,210.0,222.0,214.0,220.0,218.0,228.0,238.0,220.0,212.0,216.0,218.0,232.0,214.0,236.0,228.0,216.0,206.0,228.0,210.0,242.0,232.0,224.0,248.0,232.0,224.0,208.0,210.0,240.0,234.0,242.0,226.0,226.0,236.0,232.0,226.0,234.0,242.0,242.0,220.0,216.0,234.0,214.0,238.0,222.0,224.0,230.0,228.0,244.0,230.0,240.0,238.0,224.0,248.0,218.0,254.0,226.0,234.0,236.0,250.0
13.93824,3.11981,162.0,142.0,126.0,132.0,140.0,142.0,144.0,116.0,128.0,132.0,140.0,124.0,126.0,140.0,130.0,138.0,128.0,134.0,146.0,146.0,154.0,150.0,156.0,166.0,162.0,152.0,150.0,158.0,158.0,148.0,158.0,156.0,160.0,156.0,146.0,144.0,154.0,148.0,150.0,160.0,154.0,174.0,144.0,156.0,138.0,142.0,146.0,162.0,154.0,161.0,168.0,158.0,172.0,146.0,160.0,156.0,164.0,168.0,166.0,178.0,152.0,174.0,164.0,158.0,176.0,146.0,138.0,152.0,154.0,148.0,148.0,154.0,160.0,152.0,146.0,154.0,170.0,146.0,156.0,162.0,150.0,164.0,158.0,156.0,148.0,156.0,160.0,162.0,168.0,146.0,158.0,158.0,170.0,168.0,152.0,148.0,168.0,148.0,156.0,160.0,150.0,156.0,150.0,150.0,158.0,142.0,138.0,138.0,156.0,146.0,154.0,152.0,162.0,158.0,140.0,158.0,150.0,148.0,146.0,144.0,160.0,166.0,162.0,162.0,156.0,174.0,170.0,158.0,160.0,164.0,168.0,170.0,194.0,182.0,182.0,188.0,176.0,174.0,156.0,154.0,162.0,156.0,146.0,144.0,150.0,162.0,138.0,162.0,144.0,168.0,142.0,158.0,158.0,164.0,168.0,168.0,168.0,154.0,162.0,162.0,158.0,148.0,174.0,150.0,160.0,160.0,148.0,162.0,162.0,154.0,156.0,156.0,162.0,152.0,164.0,152.0,162.0,158.0,160.0,172.0,150.0,154.0,144.0,152.0,156.0,158.0,172.0,160.0,160.0,170.0,162.0,148.0,174.0,178.0,158.0,162.0,140.0,166.0,170.0,146.0,154.0,178.0,166.0,172.0,166.0,162.0,158.0,166.0,164.0,156.0,168.0,166.0,170.0,170.0,154.0,152.0,182.0,166.0,170.0,172.0,170.0,166.0,168.0,154.0,168.0,154.0,160.0,154.0,168.0,182.0,170.0,152.0,156.0,168.0,178.0,162.0,176.0,168.0,166.0,152.0,166.0,172.0,162.0,150.0,164.0,158.0,152.0,170.0,162.0,164.0,158.0,164.0,158.0,178.0,170.0,174.0,156.0,186.0,160.0,174.0,158.0,172.0,182.0,168.0,172.0,160.0,176.0,178.0,172.0,186.0,184.0,172.0,176.0,184.0,166.0,170.0,184.0,150.0,176.0,166.0,156.0,160.0,172.0,180.0,178.0,176.0,162.0,172.0,164.0,170.0,192.0,184.0,190.0,182.0,198.0,168.0,172.0,184.0,198.0,182.0,196.0,186.0,188.0,190.0,190.0,170.0,170.0,188.0,184.0,182.0,182.0,190.0,186.0,170.0,200.0,190.0,180.0,184.0,174.0,188.0,176.0,170.0,178.0,178.0,186.0,180.0,186.0,196.0,186.0,188.0,190.0,176.0,188.0,186.0,200.0,192.0,192.0,184.0,190.0,184.0,204.0,200.0,192.0,170.0,196.0,206.0,192.0,186.0,208.0,186.0,198.0,198.0,194.0,196.0,192.0,194.0,200.0,174.0,208.0,196.0,190.0,198.0,164.0,206.0,178.0,190.0,186.0,188.0,186.0,198.0,206.0,178.0,200.0,200.0,206.0,190.0,198.0,190.0,200.0,196.0,208.0,208.0,206.0,194.0,206.0,196.0,204.0,202.0,192.0,196.0,206.0,206.0,208.0,208.0,198.0,198.0,210.0,190.0,210.0,194.0,208.0,218.0,216.0,190.0,204.0,194.0,192.0,214.0,196.0,190.0,192.0,218.0,218.0,198.0,208.0,208.0,202.0,214.0,224.0,208.0,188.0,210.0,202.0,212.0,200.0,212.0,202.0,222.0,192.0,200.0,204.0,204.0,184.0,222.0,198.0,192.0,196.0,216.0,194.0,202.0,216.0,194.0,210.0,210.0,214.0,200.0,196.0,216.0,190.0,192.0,188.0,214.0,190.0,206.0,212.0,192.0,216.0,210.0,194.0,212.0,220.0,198.0,212.0,200.0,214.0,184.0,228.0,218.0,226.0,232.0,198.0,204.0,208.0,214.0,224.0,206.0,202.0,218.0,208.0,196.0,204.0,214.0,218.0,226.0,224.0,212.0,226.0,196.0,196.0,216.0,208.0,208.0,216.0,200.0,212.0,214.0,208.0,210.0,234.0,196.0,212.0,218.0,212.0,224.0,202.0,206.0,224.0,218.0,206.0,238.0,208.0,212.0,200.0,218.0,222.0,198.0,220.0,204.0,224.0,216.0,216.0,204.0,234.0,208.0,214.0,206.0,224.0,210.0,206.0,228.0,236.0,206.0,196.0,210.0,230.0,190.0,198.0,222.0,206.0,214.0,218.0,222.0,222.0,220.0,218.0,196.0,212.0,230.0,188.0,216.0,222.0,208.0,206.0,238.0,218.0,214.0,216.0,226.0,214.0,218.0,216.0,212.0,214.0,220.0,220.0,220.0,216.0,202.0,216.0,188.0,230.0,220.0,216.0,226.0,232.0,206.0,226.0,224.0,214.0,214.0,228.0,204.0,210.0,210.0,224.0,200.0,202.0,224.0,216.0,220.0,212.0,216.0,224.0,220.0,220.0,226.0,224.0,204.0,226.0,224.0,224.0,216.0,226.0,210.0,214.0,230.0,222.0,214.0,220.0,218.0,214.0,214.0,210.0,206.0,230.0,224.0,216.0,238.0,210.0,218.0,218.0,228.0,226.0,212.0,232.0,218.0,232.0,216.0,220.0,222.0,222.0,216.0,210.0,218.0,218.0,222.0,216.0,228.0,220.0,228.0,220.0,224.0,208.0,218.0,216.0,206.0,206.0,222.0,222.0,228.0,210.0,200.0,216.0,228.0,220.0,228.0,228.0,238.0,220.0,226.0,220.0,218.0,208.0,228.0,222.0,230.0,222.0,224.0,220.0,236.0,240.0,218.0,204.0,224.0,208.0,230.0,224.0,224.0,226.0,216.0,234.0
13.93824,4.6797200000000005,134.0,128.0,124.0,126.0,114.0,118.0,132.0,136.0,114.0,128.0,110.0,118.0,122.0,120.0,136.0,126.0,136.0,128.0,140.0,148.0,146.0,142.0,144.0,132.0,148.0,150.0,146.0,164.0,150.0,154.0,152.0,150.0,144.0,146.0,142.0,148.0,136.0,136.0,144.0,142.0,132.0,124.0,132.0,132.0,128.0,138.0,146.0,128.0,136.0,130.0,124.0,140.0,146.0,144.0,138.0,148.0,152.0,152.0,142.0,154.0,158.0,162.0,144.0,142.0,146.0,142.0,142.0,134.0,142.0,140.0,128.0,132.0,138.0,136.0,146.0,138.0,134.0,132.0,136.0,144.0,138.0,144.0,144.0,134.0,138.0,144.0,152.0,146.0,134.0,146.0,156.0,142.0,126.0,140.0,158.0,150.0,134.0,142.0,134.0,156.0,134.0,146.0,142.0,136.0,144.0,114.0,126.0,140.0,134.0,128.0,132.0,136.0,140.0,138.0,142.0,144.0,122.0,122.0,124.0,136.0,152.0,134.0,144.0,156.0,150.0,144.0,140.0,152.0,142.0,158.0,176.0,174.0,180.0,172.0,178.0,188.0,172.0,156.0,156.0,138.0,140.0,144.0,136.0,148.0,138.0,134.0,136.0,138.0,134.0,132.0,142.0,134.0,142.0,150.0,148.0,130.0,142.0,142.0,130.0,130.0,128.0,150.0,142.0,152.0,148.0,138.0,138.0,156.0,148.0,150.0,138.0,142.0,156.0,138.0,132.0,130.0,136.0,136.0,146.0,142.0,136.0,134.0,138.0,132.0,126.0,138.0,156.0,140.0,136.0,140.0,150.0,144.0,130.0,152.0,150.0,152.0,156.0,140.0,156.0,130.0,140.0,132.0,142.0,142.0,142.0,148.0,144.0,140.0,132.0,126.0,132.0,146.0,136.0,146.0,130.0,150.0,152.0,142.0,148.0,140.0,144.0,150.0,150.0,158.0,138.0,156.0,156.0,146.0,150.0,154.0,136.0,142.0,144.0,152.0,152.0,150.0,164.0,156.0,134.0,164.0,152.0,140.0,146.0,136.0,156.0,162.0,146.0,152.0,144.0,154.0,150.0,142.0,144.0,158.0,152.0,148.0,146.0,154.0,144.0,154.0,136.0,152.0,140.0,148.0,154.0,158.0,158.0,140.0,144.0,160.0,150.0,150.0,156.0,162.0,150.0,146.0,160.0,176.0,146.0,166.0,146.0,136.0,160.0,146.0,152.0,150.0,170.0,146.0,154.0,136.0,158.0,162.0,174.0,160.0,166.0,152.0,168.0,150.0,162.0,156.0,172.0,176.0,166.0,178.0,166.0,158.0,162.0,174.0,176.0,160.0,158.0,170.0,154.0,158.0,150.0,155.0,160.0,158.0,168.0,164.0,170.0,172.0,166.0,154.0,164.0,148.0,158.0,148.0,166.0,154.0,158.0,152.0,158.0,166.0,152.0,168.0,180.0,170.0,172.0,170.0,168.0,164.0,166.0,174.0,174.0,178.0,164.0,160.0,158.0,164.0,164.0,166.0,168.0,176.0,172.0,166.0,172.0,174.0,170.0,172.0,168.0,154.0,164.0,166.0,170.0,160.0,142.0,182.0,180.0,176.0,172.0,176.0,158.0,164.0,182.0,172.0,164.0,170.0,158.0,182.0,172.0,174.0,186.0,158.0,170.0,174.0,190.0,174.0,190.0,162.0,174.0,166.0,156.0,178.0,162.0,186.0,164.0,178.0,172.0,176.0,164.0,188.0,174.0,160.0,174.0,174.0,188.0,170.0,164.0,184.0,192.0,174.0,170.0,172.0,184.0,166.0,188.0,180.0,162.0,182.0,180.0,180.0,166.0,174.0,178.0,152.0,182.0,184.0,194.0,190.0,174.0,190.0,186.0,184.0,180.0,172.0,178.0,198.0,174.0,178.0,184.0,180.0,184.0,188.0,180.0,196.0,182.0,168.0,172.0,184.0,190.0,182.0,188.0,160.0,190.0,180.0,172.0,172.0,184.0,164.0,160.0,180.0,178.0,172.0,174.0,168.0,178.0,180.0,194.0,186.0,172.0,182.0,200.0,182.0,174.0,172.0,190.0,198.0,186.0,178.0,178.0,198.0,174.0,166.0,186.0,186.0,192.0,182.0,200.0,178.0,178.0,182.0,172.0,172.0,186.0,182.0,178.0,188.0,180.0,188.0,184.0,192.0,174.0,168.0,160.0,184.0,178.0,168.0,182.0,186.0,182.0,176.0,184.0,192.0,190.0,192.0,184.0,192.0,198.0,190.0,186.0,188.0,192.0,192.0,204.0,188.0,198.0,190.0,202.0,196.0,192.0,180.0,190.0,178.0,182.0,186.0,190.0,196.0,174.0,202.0,198.0,192.0,194.0,182.0,174.0,188.0,186.0,198.0,196.0,188.0,192.0,172.0,190.0,168.0,192.0,194.0,172.0,194.0,180.0,190.0,200.0,176.0,192.0,184.0,188.0,178.0,198.0,204.0,186.0,190.0,194.0,186.0,182.0,180.0,180.0,182.0,184.0,198.0,176.0,166.0,186.0,214.0,182.0,190.0,180.0,196.0,176.0,200.0,194.0,194.0,180.0,192.0,198.0,190.0,204.0,178.0,192.0,196.0,200.0,200.0,216.0,216.0,192.0,208.0,194.0,198.0,192.0,204.0,196.0,194.0,182.0,190.0,180.0,200.0,200.0,188.0,188.0,176.0,194.0,190.0,208.0,200.0,182.0,202.0,188.0,186.0,202.0,194.0,196.0,194.0,190.0,194.0,202.0,172.0,206.0,192.0,216.0,206.0,190.0,194.0,222.0,210.0,194.0,200.0,186.0,208.0,182.0,192.0,198.0,186.0,190.0,194.0,200.0,182.0,190.0,190.0,188.0,178.0,186.0,194.0,214.0,210.0,204.0,194.0,210.0,188.0,196.0,206.0,192.0,170.0,194.0,174.0,208.0,190.0,214.0,198.0,196.0,182.0,216.0,208.0,204.0
13.93824,6.23962,88.0,90.0,84.0,84.0,82.0,90.0,94.0,86.0,96.0,84.0,84.0,84.0,82.0,66.0,82.0,84.0,96.0,112.0,98.0,110.0,90.0,106.0,112.0,98.0,102.0,96.0,110.0,110.0,100.0,116.0,102.0,116.0,114.0,108.0,106.0,102.0,110.0,104.0,98.0,98.0,94.0,102.0,98.0,94.0,94.0,102.0,112.0,98.0,100.0,99.0,98.0,106.0,102.0,98.0,100.0,88.0,96.0,114.0,98.0,114.0,102.0,110.0,106.0,98.0,86.0,102.0,112.0,90.0,88.0,96.0,100.0,94.0,90.0,98.0,108.0,96.0,98.0,106.0,104.0,102.0,98.0,106.0,98.0,104.0,106.0,96.0,98.0,100.0,102.0,98.0,96.0,104.0,102.0,94.0,106.0,86.0,96.0,96.0,84.0,82.0,94.0,96.0,102.0,78.0,98.0,102.0,96.0,102.0,92.0,102.0,92.0,98.0,96.0,94.0,100.0,90.0,98.0,92.0,98.0,94.0,104.0,86.0,112.0,102.0,100.0,108.0,108.0,112.0,106.0,106.0,102.0,104.0,122.0,128.0,126.0,116.0,120.0,110.0,94.0,102.0,98.0,100.0,92.0,92.0,106.0,106.0,92.0,90.0,90.0,92.0,96.0,102.0,86.0,92.0,100.0,100.0,82.0,92.0,94.0,114.0,96.0,82.0,92.0,92.0,104.0,100.0,108.0,100.0,90.0,86.0,84.0,114.0,88.0,96.0,86.0,98.0,96.0,98.0,90.0,98.0,82.0,96.0,98.0,100.0,110.0,102.0,94.0,94.0,98.0,104.0,94.0,94.0,102.0,104.0,94.0,98.0,98.0,102.0,90.0,94.0,104.0,98.0,96.0,94.0,94.0,92.0,100.0,92.0,82.0,96.0,96.0,80.0,104.0,104.0,94.0,102.0,98.0,100.0,96.0,100.0,102.0,96.0,90.0,100.0,96.0,98.0,106.0,110.0,104.0,110.0,98.0,100.0,104.0,106.0,94.0,104.0,100.0,96.0,102.0,102.0,106.0,102.0,98.0,100.0,98.0,100.0,100.0,104.0,112.0,98.0,104.0,108.0,108.0,112.0,100.0,100.0,98.0,106.0,100.0,94.0,94.0,112.0,108.0,102.0,112.0,112.0,114.0,100.0,102.0,110.0,106.0,114.0,100.0,92.0,104.0,106.0,100.0,96.0,86.0,108.0,108.0,98.0,100.0,108.0,114.0,112.0,100.0,100.0,106.0,106.0,110.0,98.0,102.0,108.0,98.0,112.0,114.0,100.0,108.0,98.0,110.0,114.0,114.0,116.0,104.0,114.0,114.0,114.0,114.0,112.0,114.0,120.0,114.0,104.0,116.0,118.0,114.0,102.0,106.0,102.0,104.0,122.0,112.0,88.0,108.0,114.0,104.0,108.0,110.0,104.0,120.0,112.0,100.0,104.0,116.0,102.0,118.0,108.0,112.0,108.0,124.0,110.0,112.0,114.0,106.0,114.0,112.0,118.0,112.0,116.0,124.0,122.0,114.0,118.0,106.0,104.0,122.0,110.0,118.0,124.0,114.0,120.0,120.0,120.0,112.0,120.0,110.0,112.0,118.0,118.0,108.0,112.0,124.0,122.0,106.0,118.0,128.0,110.0,110.0,130.0,120.0,106.0,120.0,108.0,118.0,114.0,120.0,120.0,114.0,112.0,124.0,110.0,122.0,122.0,122.0,116.0,114.0,122.0,116.0,126.0,110.0,124.0,110.0,120.0,110.0,112.0,116.0,118.0,128.0,122.0,118.0,104.0,118.0,106.0,120.0,114.0,118.0,132.0,124.0,114.0,128.0,124.0,104.0,128.0,132.0,116.0,120.0,118.0,128.0,126.0,114.0,112.0,108.0,112.0,122.0,124.0,124.0,114.0,134.0,120.0,130.0,110.0,116.0,118.0,122.0,114.0,120.0,124.0,126.0,116.0,122.0,126.0,100.0,118.0,116.0,122.0,126.0,124.0,128.0,118.0,126.0,110.0,120.0,110.0,126.0,126.0,120.0,124.0,124.0,122.0,126.0,112.0,134.0,126.0,120.0,116.0,122.0,124.0,120.0,116.0,120.0,108.0,124.0,126.0,126.0,122.0,124.0,120.0,124.0,124.0,126.0,126.0,128.0,120.0,124.0,132.0,120.0,108.0,118.0,126.0,122.0,130.0,124.0,114.0,130.0,130.0,120.0,120.0,134.0,126.0,124.0,118.0,124.0,126.0,134.0,134.0,128.0,130.0,124.0,124.0,140.0,110.0,116.0,132.0,128.0,130.0,130.0,124.0,126.0,134.0,126.0,126.0,116.0,128.0,144.0,116.0,120.0,118.0,114.0,128.0,122.0,120.0,120.0,110.0,128.0,116.0,118.0,134.0,114.0,128.0,120.0,122.0,122.0,120.0,118.0,124.0,124.0,134.0,124.0,126.0,126.0,130.0,120.0,130.0,124.0,134.0,116.0,112.0,134.0,126.0,136.0,112.0,126.0,138.0,134.0,128.0,124.0,134.0,130.0,134.0,126.0,124.0,124.0,114.0,144.0,110.0,128.0,120.0,120.0,122.0,132.0,120.0,138.0,124.0,122.0,130.0,126.0,132.0,124.0,128.0,132.0,120.0,138.0,136.0,132.0,124.0,130.0,122.0,130.0,124.0,126.0,112.0,124.0,128.0,128.0,122.0,130.0,110.0,120.0,128.0,118.0,122.0,134.0,118.0,130.0,136.0,114.0,132.0,118.0,130.0,128.0,124.0,116.0,126.0,120.0,114.0,136.0,126.0,134.0,130.0,122.0,140.0,118.0,120.0,136.0,130.0,142.0,144.0,128.0,132.0,150.0,136.0,120.0,138.0,116.0,136.0,118.0,132.0,136.0,140.0,134.0,132.0,134.0,126.0,120.0,122.0,124.0,130.0,122.0,136.0,128.0,118.0,134.0,120.0,120.0,130.0,140.0,126.0,128.0,132.0,146.0
13.93824,7.799523000000001,110.0,96.0,88.0,98.0,92.0,94.0,92.0,98.0,90.0,92.0,96.0,96.0,88.0,90.0,88.0,96.0,96.0,100.0,106.0,112.0,104.0,114.0,106.0,106.0,104.0,106.0,112.0,114.0,108.0,106.0,118.0,102.0,118.0,112.0,112.0,114.0,112.0,98.0,108.0,108.0,110.0,108.0,104.0,96.0,96.0,108.0,104.0,110.0,106.0,110.0,112.0,104.0,114.0,112.0,110.0,116.0,112.0,112.0,110.0,130.0,110.0,124.0,100.0,120.0,124.0,96.0,108.0,110.0,108.0,102.0,112.0,110.0,114.0,112.0,124.0,126.0,106.0,112.0,96.0,110.0,110.0,112.0,110.0,118.0,110.0,116.0,118.0,118.0,120.0,106.0,102.0,108.0,104.0,102.0,104.0,100.0,108.0,104.0,108.0,116.0,98.0,94.0,102.0,108.0,102.0,114.0,102.0,98.0,110.0,100.0,90.0,104.0,98.0,94.0,96.0,98.0,102.0,100.0,100.0,100.0,104.0,114.0,98.0,126.0,124.0,112.0,126.0,114.0,116.0,116.0,110.0,126.0,130.0,132.0,136.0,134.0,126.0,116.0,102.0,114.0,106.0,102.0,118.0,100.0,94.0,96.0,96.0,110.0,106.0,104.0,112.0,112.0,110.0,114.0,116.0,110.0,108.0,98.0,96.0,112.0,104.0,102.0,104.0,108.0,112.0,102.0,98.0,100.0,106.0,102.0,114.0,108.0,106.0,108.0,102.0,102.0,116.0,114.0,108.0,120.0,100.0,100.0,118.0,102.0,94.0,114.0,120.0,104.0,116.0,110.0,118.0,114.0,108.0,112.0,110.0,102.0,110.0,102.0,112.0,104.0,98.0,108.0,110.0,110.0,112.0,106.0,104.0,98.0,110.0,104.0,96.0,116.0,114.0,116.0,106.0,106.0,106.0,108.0,98.0,122.0,116.0,118.0,108.0,110.0,124.0,112.0,106.0,112.0,112.0,114.0,114.0,100.0,102.0,114.0,94.0,116.0,112.0,106.0,106.0,112.0,96.0,98.0,112.0,110.0,108.0,110.0,108.0,110.0,128.0,110.0,122.0,122.0,110.0,120.0,122.0,108.0,120.0,106.0,102.0,104.0,116.0,120.0,116.0,116.0,116.0,118.0,110.0,118.0,110.0,104.0,112.0,112.0,126.0,108.0,100.0,116.0,124.0,120.0,104.0,118.0,106.0,98.0,126.0,112.0,120.0,112.0,122.0,114.0,116.0,126.0,120.0,114.0,124.0,122.0,124.0,116.0,126.0,122.0,136.0,114.0,128.0,114.0,124.0,114.0,124.0,122.0,118.0,120.0,118.0,110.0,128.0,118.0,134.0,112.0,122.0,126.0,130.0,108.0,128.0,134.0,118.0,124.0,118.0,126.0,122.0,120.0,98.0,112.0,108.0,130.0,122.0,122.0,126.0,114.0,112.0,122.0,124.0,120.0,116.0,132.0,128.0,130.0,122.0,124.0,128.0,118.0,122.0,128.0,132.0,120.0,120.0,126.0,116.0,126.0,120.0,126.0,120.0,128.0,118.0,118.0,116.0,108.0,120.0,132.0,120.0,116.0,112.0,122.0,124.0,116.0,130.0,120.0,132.0,130.0,122.0,120.0,116.0,132.0,122.0,142.0,138.0,134.0,132.0,122.0,128.0,132.0,118.0,120.0,120.0,134.0,106.0,136.0,120.0,132.0,138.0,134.0,140.0,134.0,128.0,144.0,128.0,132.0,132.0,128.0,130.0,132.0,128.0,140.0,120.0,120.0,130.0,136.0,122.0,150.0,136.0,126.0,142.0,124.0,142.0,126.0,124.0,136.0,124.0,122.0,130.0,118.0,144.0,128.0,142.0,124.0,126.0,136.0,120.0,154.0,128.0,130.0,128.0,124.0,134.0,126.0,128.0,134.0,150.0,132.0,126.0,128.0,136.0,126.0,130.0,130.0,134.0,134.0,130.0,144.0,130.0,140.0,130.0,132.0,122.0,132.0,136.0,120.0,136.0,138.0,150.0,140.0,130.0,132.0,122.0,156.0,134.0,136.0,142.0,130.0,132.0,130.0,142.0,114.0,128.0,150.0,144.0,140.0,124.0,140.0,138.0,132.0,140.0,144.0,142.0,134.0,140.0,156.0,136.0,126.0,156.0,134.0,142.0,134.0,130.0,152.0,138.0,140.0,128.0,134.0,122.0,128.0,152.0,150.0,150.0,138.0,128.0,150.0,150.0,148.0,138.0,128.0,138.0,140.0,134.0,140.0,152.0,154.0,140.0,152.0,136.0,152.0,138.0,136.0,138.0,128.0,146.0,130.0,126.0,142.0,144.0,144.0,138.0,148.0,146.0,144.0,138.0,122.0,134.0,162.0,136.0,148.0,134.0,132.0,142.0,140.0,136.0,132.0,142.0,122.0,146.0,130.0,144.0,152.0,142.0,158.0,146.0,154.0,146.0,144.0,144.0,140.0,150.0,134.0,138.0,156.0,148.0,148.0,144.0,130.0,136.0,136.0,136.0,146.0,146.0,138.0,136.0,146.0,142.0,134.0,148.0,138.0,146.0,160.0,142.0,144.0,154.0,148.0,138.0,142.0,140.0,146.0,144.0,148.0,142.0,150.0,144.0,148.0,150.0,148.0,138.0,148.0,146.0,128.0,150.0,140.0,146.0,150.0,146.0,122.0,130.0,158.0,138.0,148.0,130.0,162.0,136.0,144.0,150.0,148.0,144.0,146.0,154.0,138.0,132.0,152.0,136.0,154.0,134.0,152.0,150.0,142.0,136.0,146.0,150.0,134.0,150.0,150.0,130.0,156.0,136.0,146.0,156.0,146.0,150.0,148.0,148.0,160.0,150.0,136.0,158.0,146.0,156.0,146.0,158.0,152.0,152.0,136.0,134.0,150.0,144.0,144.0,152.0,146.0,134.0,146.0,142.0,148.0,150.0,160.0,152.0,144.0,140.0,128.0,142.0,138.0,144.0
13.93824,9.35943,74.0,66.0,70.0,74.0,64.0,66.0,74.0,74.0,72.0,70.0,72.0,64.0,76.0,74.0,62.0,78.0,80.0,82.0,82.0,84.0,76.0,80.0,80.0,82.0,88.0,82.0,88.0,92.0,78.0,84.0,82.0,84.0,82.0,78.0,80.0,74.0,74.0,82.0,94.0,86.0,72.0,88.0,80.0,74.0,84.0,80.0,80.0,80.0,82.0,82.0,82.0,84.0,86.0,66.0,84.0,78.0,88.0,80.0,84.0,88.0,86.0,68.0,70.0,84.0,78.0,72.0,82.0,84.0,82.0,82.0,80.0,80.0,82.0,84.0,82.0,76.0,88.0,84.0,70.0,74.0,88.0,84.0,94.0,82.0,86.0,92.0,84.0,90.0,94.0,82.0,90.0,90.0,88.0,86.0,82.0,84.0,66.0,72.0,80.0,86.0,78.0,88.0,86.0,78.0,84.0,80.0,84.0,82.0,74.0,66.0,72.0,76.0,70.0,82.0,84.0,78.0,68.0,70.0,72.0,80.0,84.0,86.0,76.0,86.0,90.0,76.0,84.0,76.0,78.0,80.0,86.0,82.0,88.0,98.0,88.0,96.0,84.0,86.0,88.0,76.0,76.0,90.0,86.0,66.0,82.0,70.0,68.0,78.0,68.0,74.0,88.0,80.0,72.0,86.0,84.0,78.0,82.0,82.0,74.0,80.0,88.0,74.0,78.0,84.0,76.0,82.0,78.0,86.0,82.0,64.0,76.0,82.0,76.0,80.0,92.0,84.0,78.0,80.0,86.0,86.0,86.0,84.0,88.0,68.0,76.0,70.0,82.0,86.0,74.0,88.0,78.0,84.0,82.0,68.0,86.0,90.0,82.0,80.0,84.0,68.0,78.0,84.0,74.0,76.0,76.0,82.0,84.0,80.0,86.0,70.0,84.0,82.0,82.0,78.0,90.0,80.0,88.0,82.0,78.0,78.0,78.0,76.0,76.0,96.0,82.0,80.0,78.0,86.0,84.0,88.0,82.0,78.0,80.0,82.0,80.0,78.0,74.0,82.0,84.0,78.0,90.0,86.0,76.0,84.0,84.0,78.0,80.0,74.0,78.0,90.0,66.0,80.0,88.0,82.0,80.0,82.0,82.0,84.0,82.0,86.0,86.0,74.0,84.0,86.0,70.0,78.0,84.0,86.0,72.0,82.0,74.0,84.0,88.0,78.0,86.0,78.0,90.0,76.0,80.0,82.0,66.0,86.0,78.0,90.0,90.0,82.0,80.0,86.0,82.0,84.0,82.0,88.0,82.0,84.0,92.0,90.0,84.0,88.0,92.0,90.0,82.0,82.0,88.0,88.0,88.0,94.0,82.0,72.0,82.0,88.0,78.0,82.0,90.0,86.0,86.0,93.0,88.0,86.0,84.0,78.0,94.0,78.0,84.0,90.0,84.0,88.0,96.0,76.0,80.0,92.0,90.0,94.0,88.0,100.0,84.0,76.0,84.0,86.0,80.0,94.0,88.0,98.0,90.0,92.0,98.0,84.0,86.0,86.0,94.0,90.0,94.0,90.0,84.0,88.0,98.0,86.0,96.0,94.0,90.0,100.0,92.0,86.0,96.0,92.0,90.0,90.0,94.0,82.0,96.0,100.0,88.0,100.0,88.0,96.0,106.0,92.0,98.0,88.0,86.0,92.0,84.0,88.0,82.0,84.0,92.0,92.0,94.0,98.0,96.0,100.0,86.0,96.0,92.0,92.0,94.0,96.0,106.0,94.0,86.0,98.0,78.0,86.0,98.0,92.0,78.0,106.0,84.0,86.0,86.0,84.0,92.0,68.0,98.0,94.0,90.0,88.0,88.0,88.0,78.0,98.0,98.0,98.0,98.0,90.0,84.0,98.0,90.0,108.0,88.0,98.0,88.0,90.0,98.0,88.0,100.0,96.0,104.0,92.0,86.0,96.0,92.0,90.0,102.0,100.0,92.0,86.0,92.0,92.0,96.0,84.0,98.0,94.0,96.0,108.0,98.0,96.0,90.0,98.0,96.0,100.0,98.0,86.0,94.0,84.0,98.0,106.0,100.0,98.0,108.0,86.0,92.0,94.0,104.0,96.0,98.0,100.0,98.0,86.0,98.0,102.0,98.0,96.0,104.0,86.0,96.0,88.0,94.0,98.0,82.0,98.0,94.0,100.0,100.0,94.0,92.0,96.0,100.0,88.0,100.0,96.0,100.0,100.0,92.0,96.0,96.0,102.0,102.0,94.0,102.0,102.0,90.0,96.0,104.0,100.0,102.0,100.0,104.0,92.0,106.0,102.0,98.0,96.0,104.0,100.0,104.0,94.0,98.0,104.0,96.0,106.0,110.0,94.0,102.0,88.0,94.0,98.0,96.0,102.0,92.0,108.0,112.0,98.0,96.0,94.0,104.0,98.0,104.0,96.0,106.0,110.0,92.0,104.0,100.0,104.0,96.0,98.0,90.0,90.0,86.0,100.0,98.0,92.0,102.0,108.0,106.0,110.0,92.0,102.0,102.0,108.0,104.0,108.0,104.0,88.0,80.0,110.0,98.0,94.0,78.0,106.0,90.0,94.0,106.0,96.0,100.0,108.0,96.0,104.0,96.0,110.0,94.0,96.0,96.0,88.0,116.0,104.0,112.0,104.0,102.0,100.0,108.0,100.0,102.0,98.0,88.0,90.0,94.0,104.0,96.0,96.0,98.0,118.0,94.0,100.0,116.0,102.0,104.0,88.0,96.0,98.0,104.0,108.0,114.0,106.0,96.0,104.0,104.0,78.0,102.0,92.0,96.0,98.0,110.0,106.0,102.0,116.0,100.0,104.0,114.0,88.0,90.0,104.0,90.0,94.0,100.0,102.0,110.0,100.0,106.0,102.0,100.0,114.0,110.0,110.0,90.0,112.0,108.0,100.0,92.0,98.0,104.0,102.0,114.0,92.0,108.0,104.0,102.0,108.0,108.0,108.0,110.0,100.0,94.0,116.0,110.0,106.0,110.0,98.0,102.0,94.0,88.0
13.93824,10.91933,66.0,80.0,72.0,70.0,70.0,72.0,70.0,72.0,70.0,76.0,66.0,66.0,64.0,72.0,70.0,68.0,82.0,76.0,86.0,82.0,74.0,82.0,74.0,80.0,76.0,76.0,78.0,78.0,82.0,76.0,86.0,88.0,76.0,78.0,76.0,84.0,72.0,78.0,92.0,64.0,78.0,66.0,74.0,76.0,80.0,72.0,80.0,84.0,74.0,78.0,82.0,88.0,82.0,74.0,74.0,88.0,86.0,82.0,86.0,84.0,78.0,74.0,78.0,82.0,88.0,84.0,88.0,84.0,100.0,88.0,74.0,78.0,100.0,88.0,86.0,94.0,94.0,90.0,76.0,90.0,84.0,78.0,98.0,96.0,82.0,96.0,98.0,98.0,92.0,92.0,98.0,84.0,80.0,86.0,80.0,74.0,72.0,74.0,84.0,72.0,76.0,76.0,82.0,74.0,68.0,74.0,82.0,84.0,72.0,82.0,76.0,68.0,78.0,76.0,76.0,74.0,74.0,78.0,80.0,80.0,80.0,76.0,80.0,76.0,78.0,80.0,80.0,82.0,74.0,76.0,84.0,88.0,76.0,80.0,84.0,90.0,86.0,74.0,84.0,78.0,82.0,82.0,74.0,74.0,70.0,76.0,74.0,80.0,74.0,86.0,80.0,80.0,78.0,72.0,76.0,84.0,88.0,70.0,76.0,86.0,76.0,74.0,90.0,78.0,70.0,80.0,82.0,72.0,78.0,76.0,82.0,82.0,86.0,74.0,74.0,80.0,76.0,72.0,86.0,78.0,78.0,94.0,76.0,86.0,84.0,92.0,92.0,94.0,84.0,88.0,80.0,92.0,86.0,86.0,76.0,74.0,96.0,86.0,82.0,76.0,82.0,82.0,84.0,86.0,84.0,84.0,76.0,78.0,76.0,88.0,80.0,90.0,74.0,64.0,82.0,74.0,70.0,80.0,64.0,74.0,72.0,70.0,82.0,80.0,64.0,82.0,70.0,70.0,74.0,62.0,80.0,76.0,78.0,76.0,72.0,76.0,80.0,70.0,74.0,74.0,70.0,64.0,80.0,78.0,74.0,72.0,70.0,74.0,78.0,72.0,66.0,70.0,66.0,78.0,74.0,86.0,78.0,68.0,76.0,76.0,68.0,80.0,62.0,64.0,76.0,72.0,68.0,68.0,80.0,72.0,66.0,62.0,64.0,70.0,76.0,74.0,70.0,78.0,68.0,76.0,78.0,68.0,78.0,68.0,72.0,60.0,74.0,74.0,78.0,74.0,74.0,72.0,80.0,72.0,80.0,68.0,76.0,88.0,68.0,74.0,76.0,72.0,76.0,84.0,82.0,76.0,84.0,84.0,78.0,72.0,72.0,70.0,78.0,68.0,72.0,79.0,86.0,70.0,66.0,82.0,88.0,78.0,78.0,70.0,72.0,80.0,76.0,80.0,82.0,78.0,70.0,78.0,86.0,82.0,74.0,80.0,80.0,72.0,70.0,88.0,84.0,68.0,90.0,68.0,74.0,72.0,72.0,70.0,80.0,86.0,84.0,80.0,76.0,80.0,78.0,64.0,76.0,82.0,72.0,72.0,84.0,72.0,82.0,74.0,78.0,80.0,82.0,72.0,66.0,80.0,88.0,68.0,76.0,74.0,76.0,88.0,90.0,72.0,82.0,78.0,86.0,74.0,84.0,82.0,82.0,90.0,82.0,88.0,70.0,78.0,82.0,88.0,78.0,80.0,100.0,74.0,84.0,82.0,82.0,90.0,86.0,88.0,84.0,74.0,82.0,92.0,80.0,78.0,88.0,80.0,86.0,82.0,82.0,84.0,66.0,84.0,92.0,94.0,74.0,82.0,88.0,94.0,84.0,84.0,80.0,84.0,84.0,88.0,80.0,94.0,84.0,78.0,80.0,92.0,86.0,84.0,78.0,90.0,80.0,80.0,86.0,76.0,76.0,96.0,74.0,82.0,78.0,84.0,84.0,68.0,82.0,100.0,84.0,86.0,88.0,80.0,88.0,86.0,84.0,90.0,78.0,80.0,92.0,82.0,90.0,92.0,74.0,86.0,84.0,88.0,80.0,88.0,80.0,80.0,90.0,82.0,84.0,76.0,86.0,88.0,68.0,80.0,84.0,98.0,80.0,76.0,72.0,84.0,98.0,86.0,74.0,86.0,74.0,88.0,76.0,92.0,80.0,82.0,90.0,88.0,86.0,88.0,82.0,88.0,96.0,94.0,82.0,88.0,82.0,84.0,86.0,92.0,94.0,92.0,88.0,84.0,88.0,88.0,100.0,88.0,86.0,88.0,82.0,74.0,92.0,92.0,86.0,74.0,92.0,74.0,82.0,86.0,92.0,88.0,80.0,98.0,80.0,80.0,88.0,80.0,74.0,90.0,80.0,98.0,80.0,84.0,78.0,94.0,90.0,82.0,80.0,100.0,80.0,92.0,70.0,90.0,92.0,96.0,90.0,90.0,86.0,80.0,74.0,80.0,90.0,74.0,88.0,72.0,82.0,90.0,78.0,74.0,80.0,84.0,88.0,82.0,96.0,78.0,90.0,94.0,96.0,88.0,78.0,92.0,76.0,84.0,94.0,76.0,82.0,84.0,80.0,80.0,98.0,90.0,82.0,80.0,84.0,80.0,78.0,100.0,96.0,100.0,86.0,80.0,90.0,86.0,88.0,98.0,90.0,88.0,76.0,94.0,90.0,84.0,88.0,86.0,80.0,70.0,76.0,86.0,78.0,88.0,88.0,88.0,92.0,80.0,92.0,88.0,80.0,100.0,76.0,90.0,82.0,76.0,84.0,76.0,92.0,74.0,98.0,84.0,88.0,96.0,94.0,92.0,94.0,80.0,72.0,92.0,94.0,92.0,88.0,92.0,94.0,86.0,76.0,90.0,84.0,88.0,96.0,88.0,90.0,82.0,84.0,86.0,88.0,90.0,86.0,86.0,92.0,86.0,78.0,84.0,98.0,82.0,86.0,80.0,78.0,94.0,84.0,94.0,98.0
13.93824,12.479230000000001,72.0,70.0,64.0,58.0,70.0,64.0,64.0,68.0,60.0,74.0,60.0,66.0,64.0,58.0,64.0,66.0,60.0,74.0,74.0,76.0,84.0,68.0,80.0,72.0,84.0,82.0,76.0,86.0,82.0,76.0,74.0,72.0,76.0,76.0,70.0,70.0,64.0,66.0,70.0,80.0,72.0,82.0,64.0,76.0,62.0,88.0,82.0,70.0,76.0,76.0,76.0,58.0,74.0,86.0,76.0,76.0,76.0,78.0,76.0,80.0,76.0,76.0,76.0,92.0,74.0,86.0,80.0,68.0,80.0,86.0,98.0,76.0,90.0,88.0,80.0,70.0,84.0,96.0,74.0,84.0,76.0,82.0,84.0,78.0,82.0,88.0,86.0,86.0,84.0,86.0,82.0,82.0,72.0,78.0,74.0,74.0,68.0,82.0,66.0,74.0,74.0,70.0,80.0,70.0,70.0,76.0,80.0,68.0,76.0,80.0,76.0,66.0,64.0,68.0,80.0,78.0,76.0,70.0,74.0,62.0,74.0,72.0,70.0,82.0,72.0,70.0,68.0,70.0,68.0,64.0,72.0,66.0,80.0,82.0,76.0,74.0,66.0,74.0,72.0,80.0,70.0,72.0,64.0,66.0,64.0,70.0,74.0,72.0,80.0,70.0,78.0,62.0,66.0,76.0,74.0,68.0,74.0,74.0,74.0,74.0,70.0,68.0,80.0,64.0,74.0,86.0,72.0,78.0,78.0,72.0,62.0,84.0,76.0,74.0,78.0,72.0,64.0,72.0,72.0,78.0,70.0,70.0,90.0,82.0,88.0,92.0,88.0,96.0,78.0,84.0,78.0,74.0,80.0,84.0,92.0,76.0,80.0,78.0,78.0,78.0,68.0,70.0,66.0,72.0,72.0,66.0,78.0,74.0,76.0,74.0,70.0,62.0,72.0,68.0,64.0,68.0,78.0,66.0,64.0,58.0,76.0,74.0,58.0,68.0,76.0,60.0,62.0,64.0,64.0,72.0,60.0,66.0,62.0,74.0,76.0,60.0,70.0,66.0,60.0,68.0,78.0,78.0,80.0,68.0,76.0,66.0,64.0,72.0,62.0,62.0,76.0,76.0,66.0,72.0,60.0,60.0,66.0,66.0,72.0,56.0,74.0,68.0,70.0,72.0,68.0,78.0,64.0,60.0,60.0,68.0,64.0,56.0,76.0,66.0,58.0,74.0,72.0,68.0,60.0,64.0,76.0,50.0,66.0,70.0,64.0,64.0,60.0,66.0,64.0,68.0,66.0,70.0,72.0,66.0,66.0,70.0,76.0,84.0,62.0,70.0,66.0,76.0,70.0,72.0,72.0,66.0,70.0,64.0,72.0,74.0,68.0,80.0,72.0,66.0,66.0,68.0,70.0,66.0,68.0,60.0,80.0,72.0,70.0,72.0,74.0,70.0,72.0,68.0,68.0,76.0,68.0,82.0,66.0,76.0,74.0,60.0,84.0,66.0,76.0,72.0,70.0,76.0,68.0,76.0,70.0,78.0,68.0,64.0,80.0,64.0,68.0,72.0,82.0,76.0,64.0,74.0,68.0,64.0,70.0,82.0,66.0,82.0,80.0,72.0,74.0,76.0,78.0,74.0,68.0,68.0,68.0,80.0,76.0,82.0,74.0,60.0,86.0,80.0,76.0,66.0,80.0,76.0,68.0,78.0,74.0,84.0,70.0,76.0,70.0,76.0,80.0,64.0,66.0,68.0,68.0,72.0,82.0,66.0,68.0,72.0,68.0,76.0,80.0,76.0,60.0,72.0,64.0,76.0,78.0,80.0,84.0,82.0,78.0,72.0,80.0,64.0,74.0,78.0,72.0,76.0,78.0,72.0,80.0,74.0,76.0,82.0,80.0,74.0,88.0,78.0,78.0,64.0,66.0,74.0,72.0,76.0,76.0,88.0,78.0,76.0,82.0,72.0,84.0,72.0,68.0,84.0,66.0,80.0,88.0,70.0,68.0,72.0,76.0,82.0,78.0,82.0,68.0,80.0,72.0,78.0,76.0,80.0,74.0,80.0,70.0,72.0,64.0,78.0,80.0,78.0,90.0,76.0,70.0,72.0,78.0,90.0,80.0,88.0,70.0,84.0,70.0,78.0,78.0,86.0,80.0,74.0,78.0,68.0,76.0,62.0,72.0,76.0,68.0,70.0,90.0,92.0,78.0,68.0,68.0,86.0,88.0,74.0,82.0,76.0,82.0,80.0,74.0,86.0,86.0,80.0,86.0,76.0,74.0,82.0,72.0,76.0,76.0,72.0,82.0,78.0,76.0,68.0,82.0,78.0,76.0,82.0,76.0,80.0,80.0,82.0,76.0,74.0,78.0,74.0,78.0,64.0,80.0,64.0,82.0,72.0,72.0,80.0,76.0,68.0,80.0,86.0,78.0,88.0,76.0,74.0,76.0,78.0,72.0,68.0,80.0,62.0,80.0,70.0,80.0,72.0,72.0,80.0,80.0,84.0,78.0,84.0,82.0,76.0,84.0,76.0,70.0,88.0,78.0,78.0,78.0,76.0,76.0,92.0,78.0,68.0,80.0,74.0,72.0,72.0,84.0,70.0,82.0,76.0,78.0,86.0,74.0,84.0,84.0,76.0,80.0,76.0,88.0,76.0,70.0,84.0,78.0,80.0,72.0,74.0,74.0,84.0,86.0,76.0,82.0,86.0,70.0,78.0,70.0,74.0,78.0,82.0,72.0,88.0,90.0,78.0,78.0,82.0,76.0,82.0,86.0,88.0,84.0,78.0,78.0,74.0,72.0,64.0,90.0,76.0,84.0,86.0,76.0,88.0,86.0,82.0,80.0,78.0,76.0,82.0,82.0,86.0,86.0,80.0,76.0,82.0,82.0,76.0,84.0,80.0,74.0,74.0,90.0,78.0,90.0,84.0,60.0,82.0,76.0,72.0,76.0,82.0,82.0,88.0,64.0,84.0,88.0,82.0,80.0,74.0,76.0,64.0,80.0,94.0,90.0,80.0,78.0
13.93824,14.03914,78.0,64.0,72.0,72.0,66.0,78.0,78.0,78.0,74.0,76.0,60.0,84.0,68.0,76.0,74.0,80.0,70.0,88.0,80.0,84.0,86.0,60.0,84.0,76.0,94.0,80.0,88.0,88.0,82.0,88.0,82.0,82.0,90.0,92.0,70.0,78.0,82.0,84.0,80.0,74.0,84.0,78.0,80.0,82.0,82.0,74.0,78.0,80.0,72.0,77.0,82.0,72.0,84.0,84.0,84.0,90.0,78.0,86.0,82.0,80.0,72.0,82.0,98.0,86.0,76.0,80.0,80.0,88.0,90.0,88.0,92.0,100.0,94.0,96.0,88.0,92.0,86.0,84.0,84.0,82.0,88.0,94.0,90.0,88.0,80.0,98.0,84.0,90.0,94.0,92.0,98.0,86.0,98.0,88.0,92.0,86.0,76.0,78.0,76.0,78.0,84.0,68.0,80.0,86.0,80.0,90.0,80.0,76.0,72.0,74.0,74.0,72.0,62.0,72.0,68.0,76.0,78.0,72.0,62.0,86.0,70.0,76.0,84.0,82.0,74.0,86.0,76.0,80.0,88.0,72.0,74.0,84.0,86.0,84.0,92.0,88.0,70.0,84.0,90.0,70.0,74.0,78.0,88.0,82.0,80.0,84.0,80.0,76.0,74.0,82.0,78.0,78.0,62.0,84.0,82.0,74.0,82.0,80.0,80.0,84.0,72.0,72.0,86.0,86.0,86.0,76.0,70.0,78.0,86.0,62.0,82.0,76.0,80.0,80.0,78.0,72.0,78.0,76.0,90.0,76.0,90.0,88.0,100.0,96.0,108.0,86.0,100.0,108.0,90.0,88.0,100.0,82.0,96.0,90.0,92.0,80.0,86.0,80.0,86.0,88.0,88.0,76.0,82.0,70.0,74.0,76.0,76.0,80.0,84.0,76.0,72.0,72.0,82.0,90.0,62.0,66.0,80.0,66.0,70.0,70.0,76.0,82.0,62.0,72.0,78.0,72.0,64.0,80.0,68.0,72.0,70.0,68.0,70.0,72.0,70.0,84.0,68.0,70.0,72.0,66.0,74.0,78.0,66.0,70.0,74.0,80.0,72.0,68.0,68.0,68.0,74.0,76.0,70.0,68.0,74.0,70.0,62.0,72.0,78.0,72.0,70.0,78.0,70.0,78.0,70.0,78.0,70.0,68.0,58.0,88.0,74.0,66.0,66.0,72.0,80.0,72.0,72.0,76.0,78.0,66.0,56.0,74.0,72.0,82.0,62.0,70.0,70.0,68.0,76.0,70.0,74.0,70.0,82.0,76.0,76.0,70.0,74.0,60.0,70.0,76.0,74.0,74.0,82.0,72.0,70.0,60.0,78.0,76.0,72.0,72.0,72.0,76.0,80.0,70.0,82.0,79.0,76.0,76.0,66.0,82.0,76.0,84.0,84.0,68.0,78.0,72.0,64.0,72.0,78.0,68.0,78.0,76.0,70.0,66.0,70.0,72.0,64.0,66.0,76.0,78.0,76.0,64.0,72.0,64.0,60.0,76.0,70.0,72.0,82.0,82.0,76.0,80.0,72.0,76.0,66.0,80.0,72.0,80.0,74.0,76.0,72.0,74.0,74.0,74.0,78.0,80.0,90.0,62.0,82.0,68.0,78.0,76.0,74.0,76.0,78.0,88.0,80.0,78.0,74.0,74.0,74.0,74.0,70.0,70.0,72.0,70.0,78.0,86.0,72.0,84.0,68.0,76.0,70.0,88.0,76.0,68.0,78.0,68.0,74.0,80.0,78.0,76.0,80.0,84.0,78.0,78.0,70.0,88.0,86.0,84.0,74.0,82.0,70.0,70.0,86.0,66.0,80.0,88.0,76.0,88.0,70.0,94.0,80.0,76.0,76.0,92.0,82.0,78.0,82.0,76.0,74.0,86.0,82.0,70.0,78.0,76.0,76.0,88.0,74.0,88.0,80.0,82.0,86.0,80.0,80.0,76.0,82.0,82.0,70.0,76.0,94.0,82.0,92.0,94.0,72.0,82.0,78.0,82.0,76.0,86.0,84.0,72.0,72.0,82.0,86.0,94.0,80.0,78.0,78.0,76.0,86.0,76.0,80.0,82.0,80.0,86.0,94.0,78.0,86.0,82.0,84.0,78.0,80.0,80.0,94.0,78.0,76.0,88.0,82.0,76.0,74.0,80.0,82.0,88.0,76.0,94.0,78.0,76.0,82.0,78.0,82.0,76.0,70.0,84.0,90.0,72.0,82.0,76.0,84.0,68.0,86.0,92.0,88.0,74.0,80.0,92.0,90.0,80.0,90.0,86.0,82.0,82.0,88.0,86.0,84.0,100.0,92.0,80.0,82.0,84.0,84.0,88.0,84.0,74.0,86.0,92.0,86.0,84.0,76.0,86.0,88.0,82.0,84.0,80.0,86.0,84.0,90.0,66.0,82.0,88.0,74.0,86.0,72.0,84.0,82.0,80.0,82.0,86.0,64.0,90.0,80.0,88.0,80.0,68.0,76.0,86.0,82.0,86.0,86.0,76.0,80.0,72.0,90.0,74.0,76.0,96.0,70.0,84.0,76.0,88.0,90.0,90.0,86.0,78.0,88.0,84.0,78.0,82.0,86.0,76.0,84.0,78.0,86.0,80.0,82.0,76.0,92.0,72.0,86.0,78.0,76.0,76.0,82.0,82.0,90.0,80.0,78.0,82.0,88.0,76.0,80.0,88.0,80.0,88.0,92.0,82.0,86.0,68.0,70.0,86.0,84.0,70.0,82.0,88.0,88.0,84.0,72.0,86.0,78.0,74.0,80.0,72.0,90.0,82.0,96.0,84.0,84.0,88.0,72.0,86.0,80.0,82.0,86.0,74.0,86.0,80.0,74.0,92.0,82.0,70.0,88.0,76.0,82.0,78.0,84.0,86.0,74.0,78.0,86.0,74.0,82.0,90.0,72.0,82.0,84.0,84.0,82.0,84.0,80.0,78.0,80.0,92.0,80.0,86.0,74.0,80.0,70.0,88.0,82.0,98.0,76.0
15.486930000000001,0.0,170.0,156.0,144.0,168.0,156.0,150.0,154.0,162.0,144.0,158.0,160.0,162.0,160.0,174.0,164.0,160.0,172.0,174.0,172.0,204.0,192.0,188.0,180.0,180.0,194.0,190.0,184.0,190.0,186.0,176.0,194.0,184.0,184.0,178.0,182.0,180.0,172.0,172.0,192.0,174.0,176.0,180.0,160.0,164.0,180.0,188.0,174.0,182.0,172.0,177.0,182.0,190.0,188.0,168.0,186.0,192.0,192.0,180.0,208.0,196.0,198.0,204.0,198.0,194.0,190.0,178.0,176.0,174.0,170.0,182.0,182.0,164.0,170.0,188.0,184.0,176.0,180.0,178.0,182.0,170.0,188.0,172.0,190.0,178.0,188.0,204.0,216.0,184.0,192.0,196.0,188.0,198.0,182.0,200.0,194.0,166.0,194.0,166.0,164.0,170.0,170.0,188.0,204.0,178.0,200.0,174.0,186.0,164.0,172.0,158.0,176.0,184.0,170.0,174.0,184.0,178.0,178.0,188.0,180.0,182.0,188.0,192.0,190.0,200.0,214.0,202.0,188.0,204.0,200.0,192.0,220.0,218.0,218.0,234.0,230.0,218.0,212.0,204.0,200.0,194.0,208.0,196.0,180.0,182.0,180.0,202.0,172.0,184.0,208.0,186.0,180.0,194.0,176.0,182.0,184.0,192.0,182.0,204.0,184.0,204.0,186.0,174.0,190.0,182.0,194.0,190.0,184.0,194.0,188.0,190.0,194.0,162.0,186.0,196.0,170.0,192.0,210.0,186.0,186.0,198.0,188.0,188.0,180.0,202.0,204.0,204.0,186.0,188.0,204.0,190.0,194.0,200.0,186.0,200.0,214.0,212.0,190.0,192.0,186.0,214.0,198.0,206.0,200.0,204.0,194.0,182.0,200.0,206.0,208.0,182.0,188.0,186.0,206.0,190.0,200.0,186.0,206.0,216.0,196.0,204.0,192.0,206.0,208.0,204.0,194.0,204.0,228.0,210.0,198.0,202.0,210.0,192.0,208.0,196.0,204.0,216.0,196.0,200.0,202.0,206.0,194.0,188.0,210.0,210.0,218.0,200.0,202.0,198.0,220.0,202.0,214.0,210.0,204.0,208.0,210.0,202.0,216.0,206.0,202.0,214.0,202.0,208.0,204.0,210.0,198.0,212.0,206.0,206.0,206.0,212.0,202.0,230.0,208.0,212.0,218.0,216.0,206.0,222.0,210.0,190.0,208.0,220.0,222.0,202.0,212.0,222.0,216.0,226.0,224.0,216.0,216.0,208.0,218.0,204.0,228.0,218.0,242.0,202.0,208.0,236.0,214.0,226.0,222.0,230.0,218.0,226.0,216.0,228.0,232.0,222.0,216.0,228.0,222.0,224.0,212.0,218.0,224.0,222.0,230.0,238.0,234.0,218.0,234.0,234.0,236.0,216.0,228.0,216.0,236.0,230.0,230.0,230.0,208.0,218.0,206.0,230.0,216.0,208.0,218.0,228.0,232.0,236.0,222.0,240.0,220.0,220.0,228.0,224.0,240.0,228.0,228.0,238.0,224.0,242.0,240.0,220.0,234.0,222.0,226.0,244.0,238.0,224.0,242.0,242.0,242.0,234.0,240.0,242.0,234.0,244.0,230.0,250.0,214.0,240.0,242.0,242.0,226.0,258.0,230.0,238.0,238.0,242.0,244.0,238.0,266.0,240.0,248.0,236.0,244.0,232.0,232.0,212.0,218.0,222.0,238.0,244.0,228.0,260.0,248.0,236.0,256.0,228.0,236.0,222.0,232.0,250.0,250.0,226.0,226.0,256.0,242.0,240.0,248.0,236.0,210.0,234.0,230.0,256.0,236.0,252.0,248.0,272.0,252.0,244.0,270.0,246.0,236.0,254.0,244.0,264.0,242.0,248.0,234.0,252.0,246.0,250.0,248.0,242.0,246.0,248.0,232.0,256.0,248.0,260.0,242.0,232.0,236.0,228.0,226.0,250.0,258.0,248.0,252.0,240.0,262.0,244.0,266.0,248.0,248.0,254.0,244.0,254.0,262.0,240.0,258.0,276.0,254.0,254.0,236.0,252.0,254.0,270.0,284.0,248.0,264.0,248.0,252.0,240.0,244.0,254.0,266.0,262.0,248.0,266.0,274.0,248.0,252.0,254.0,256.0,250.0,242.0,290.0,242.0,252.0,280.0,244.0,268.0,268.0,268.0,254.0,246.0,250.0,266.0,260.0,256.0,272.0,274.0,258.0,262.0,256.0,250.0,256.0,286.0,280.0,272.0,266.0,258.0,254.0,276.0,242.0,276.0,274.0,272.0,290.0,258.0,274.0,258.0,276.0,252.0,264.0,262.0,244.0,258.0,256.0,274.0,286.0,258.0,244.0,264.0,254.0,264.0,258.0,262.0,262.0,272.0,258.0,242.0,280.0,288.0,264.0,250.0,242.0,272.0,270.0,278.0,256.0,272.0,260.0,276.0,260.0,260.0,270.0,252.0,270.0,254.0,260.0,254.0,276.0,274.0,236.0,266.0,262.0,266.0,262.0,284.0,258.0,250.0,276.0,274.0,262.0,278.0,252.0,246.0,284.0,256.0,268.0,258.0,276.0,250.0,280.0,258.0,266.0,286.0,266.0,278.0,276.0,278.0,278.0,270.0,284.0,264.0,306.0,270.0,252.0,288.0,276.0,262.0,274.0,282.0,256.0,264.0,288.0,296.0,268.0,288.0,276.0,278.0,276.0,274.0,266.0,276.0,276.0,264.0,264.0,288.0,250.0,284.0,258.0,274.0,268.0,270.0,262.0,280.0,278.0,250.0,276.0,276.0,274.0,294.0,266.0,278.0,294.0,282.0,292.0,292.0,284.0,266.0,288.0,290.0,286.0,286.0,286.0,292.0,266.0,270.0,290.0,282.0,286.0,282.0,282.0,270.0,274.0,272.0,284.0,276.0,268.0,288.0,268.0,272.0,286.0,280.0,282.0,278.0,274.0,294.0,286.0,274.0,298.0,288.0,280.0,284.0
15.486930000000001,1.5599100000000004,164.0,170.0,174.0,174.0,168.0,170.0,176.0,160.0,158.0,156.0,158.0,172.0,186.0,154.0,164.0,174.0,182.0,184.0,176.0,188.0,198.0,178.0,196.0,192.0,178.0,188.0,190.0,196.0,202.0,190.0,182.0,200.0,184.0,184.0,182.0,190.0,180.0,184.0,184.0,182.0,180.0,182.0,186.0,186.0,194.0,174.0,180.0,194.0,182.0,185.0,188.0,184.0,196.0,202.0,204.0,202.0,200.0,200.0,186.0,200.0,202.0,180.0,188.0,186.0,190.0,174.0,194.0,180.0,190.0,192.0,186.0,176.0,178.0,178.0,198.0,186.0,190.0,174.0,204.0,176.0,180.0,194.0,194.0,180.0,198.0,202.0,198.0,180.0,190.0,190.0,192.0,200.0,180.0,190.0,166.0,184.0,162.0,186.0,182.0,170.0,182.0,192.0,176.0,196.0,194.0,180.0,194.0,172.0,186.0,186.0,186.0,182.0,172.0,186.0,180.0,202.0,196.0,190.0,200.0,190.0,196.0,198.0,198.0,210.0,190.0,196.0,196.0,206.0,204.0,194.0,216.0,214.0,238.0,240.0,236.0,208.0,214.0,206.0,194.0,206.0,196.0,206.0,186.0,208.0,188.0,194.0,180.0,208.0,194.0,188.0,216.0,202.0,188.0,196.0,210.0,192.0,194.0,180.0,198.0,182.0,188.0,178.0,208.0,180.0,188.0,198.0,200.0,206.0,206.0,192.0,204.0,212.0,188.0,218.0,194.0,202.0,202.0,210.0,190.0,188.0,190.0,184.0,208.0,190.0,192.0,220.0,214.0,208.0,206.0,210.0,200.0,210.0,210.0,200.0,212.0,198.0,204.0,210.0,212.0,224.0,198.0,196.0,196.0,206.0,188.0,210.0,210.0,208.0,192.0,192.0,196.0,200.0,194.0,202.0,204.0,208.0,224.0,210.0,200.0,204.0,218.0,210.0,202.0,208.0,212.0,198.0,210.0,204.0,204.0,194.0,200.0,200.0,202.0,202.0,212.0,210.0,208.0,208.0,190.0,202.0,206.0,204.0,218.0,214.0,212.0,212.0,208.0,210.0,218.0,210.0,224.0,210.0,222.0,214.0,202.0,206.0,214.0,220.0,212.0,208.0,224.0,222.0,204.0,224.0,212.0,228.0,216.0,220.0,222.0,216.0,200.0,220.0,208.0,216.0,216.0,224.0,222.0,228.0,220.0,212.0,214.0,216.0,212.0,226.0,218.0,232.0,214.0,232.0,228.0,234.0,238.0,224.0,216.0,218.0,228.0,238.0,224.0,228.0,230.0,244.0,230.0,226.0,242.0,226.0,238.0,236.0,242.0,222.0,242.0,252.0,228.0,226.0,240.0,226.0,210.0,204.0,198.0,206.0,244.0,252.0,234.0,216.0,224.0,226.0,234.0,244.0,240.0,244.0,220.0,222.0,216.0,232.0,230.0,242.0,224.0,228.0,230.0,236.0,248.0,240.0,226.0,246.0,228.0,222.0,242.0,250.0,234.0,226.0,238.0,226.0,232.0,248.0,254.0,250.0,228.0,212.0,262.0,244.0,240.0,236.0,242.0,248.0,246.0,252.0,232.0,250.0,254.0,248.0,248.0,240.0,268.0,254.0,244.0,256.0,242.0,242.0,238.0,264.0,254.0,256.0,262.0,250.0,238.0,250.0,258.0,254.0,238.0,250.0,246.0,230.0,234.0,256.0,226.0,246.0,244.0,258.0,252.0,234.0,248.0,250.0,240.0,262.0,236.0,238.0,256.0,242.0,254.0,248.0,262.0,268.0,264.0,240.0,264.0,250.0,248.0,262.0,256.0,262.0,238.0,248.0,240.0,242.0,256.0,240.0,250.0,264.0,246.0,266.0,252.0,274.0,266.0,268.0,282.0,262.0,262.0,244.0,258.0,248.0,256.0,256.0,240.0,242.0,244.0,264.0,240.0,266.0,236.0,268.0,250.0,254.0,250.0,266.0,258.0,266.0,268.0,292.0,260.0,256.0,272.0,280.0,266.0,264.0,256.0,254.0,272.0,282.0,230.0,280.0,276.0,274.0,256.0,262.0,260.0,256.0,262.0,266.0,276.0,250.0,260.0,278.0,272.0,254.0,268.0,270.0,268.0,264.0,260.0,260.0,274.0,292.0,270.0,264.0,262.0,258.0,252.0,280.0,270.0,274.0,264.0,260.0,274.0,254.0,248.0,272.0,268.0,268.0,278.0,268.0,276.0,266.0,288.0,292.0,284.0,260.0,272.0,280.0,282.0,258.0,280.0,278.0,282.0,298.0,278.0,282.0,294.0,280.0,280.0,264.0,276.0,252.0,264.0,264.0,290.0,268.0,278.0,276.0,276.0,280.0,288.0,288.0,272.0,272.0,286.0,292.0,276.0,272.0,266.0,274.0,286.0,266.0,252.0,284.0,274.0,286.0,282.0,264.0,276.0,270.0,302.0,288.0,274.0,272.0,258.0,266.0,270.0,280.0,298.0,274.0,274.0,268.0,260.0,276.0,272.0,284.0,280.0,270.0,276.0,282.0,292.0,252.0,278.0,274.0,288.0,282.0,300.0,290.0,284.0,280.0,294.0,290.0,294.0,290.0,272.0,278.0,270.0,292.0,294.0,292.0,280.0,302.0,308.0,276.0,288.0,276.0,272.0,284.0,282.0,268.0,288.0,298.0,262.0,284.0,296.0,288.0,298.0,286.0,278.0,288.0,284.0,296.0,270.0,296.0,296.0,290.0,284.0,288.0,274.0,288.0,268.0,288.0,280.0,298.0,290.0,286.0,276.0,304.0,296.0,304.0,300.0,292.0,268.0,284.0,274.0,288.0,304.0,298.0,296.0,292.0,302.0,308.0,286.0,296.0,280.0,308.0,308.0,282.0,302.0,308.0,302.0,294.0,278.0,268.0,292.0,296.0,298.0,310.0,304.0,304.0,306.0,292.0,296.0,306.0,292.0,318.0,318.0,272.0,302.0,288.0,288.0,284.0,302.0
15.486930000000001,3.11981,206.0,208.0,200.0,200.0,190.0,206.0,192.0,216.0,194.0,208.0,198.0,208.0,182.0,204.0,204.0,200.0,214.0,206.0,212.0,218.0,218.0,204.0,216.0,212.0,234.0,236.0,224.0,214.0,210.0,210.0,224.0,222.0,234.0,218.0,242.0,216.0,220.0,208.0,216.0,206.0,204.0,216.0,224.0,224.0,224.0,214.0,220.0,208.0,220.0,219.0,218.0,220.0,236.0,214.0,242.0,240.0,244.0,252.0,240.0,240.0,260.0,232.0,232.0,234.0,228.0,214.0,230.0,214.0,220.0,208.0,200.0,222.0,200.0,220.0,228.0,216.0,230.0,240.0,238.0,230.0,250.0,222.0,214.0,226.0,222.0,226.0,248.0,240.0,262.0,246.0,230.0,248.0,244.0,246.0,222.0,226.0,228.0,218.0,234.0,226.0,204.0,234.0,204.0,246.0,222.0,228.0,234.0,246.0,210.0,224.0,234.0,212.0,226.0,240.0,222.0,210.0,234.0,232.0,230.0,238.0,230.0,244.0,240.0,214.0,230.0,254.0,252.0,232.0,246.0,256.0,248.0,270.0,266.0,298.0,282.0,274.0,268.0,284.0,230.0,236.0,250.0,230.0,234.0,236.0,236.0,234.0,232.0,220.0,234.0,226.0,230.0,234.0,236.0,228.0,230.0,240.0,240.0,242.0,224.0,226.0,224.0,230.0,226.0,246.0,236.0,210.0,216.0,236.0,236.0,236.0,226.0,230.0,228.0,238.0,226.0,222.0,232.0,240.0,260.0,232.0,232.0,238.0,258.0,244.0,228.0,236.0,250.0,234.0,226.0,228.0,242.0,246.0,264.0,256.0,230.0,262.0,234.0,234.0,220.0,240.0,218.0,238.0,232.0,222.0,262.0,224.0,240.0,230.0,240.0,242.0,258.0,222.0,236.0,246.0,244.0,260.0,246.0,240.0,252.0,246.0,240.0,250.0,258.0,240.0,252.0,222.0,252.0,260.0,242.0,244.0,246.0,248.0,252.0,234.0,258.0,252.0,266.0,262.0,248.0,258.0,264.0,242.0,232.0,266.0,254.0,258.0,242.0,244.0,248.0,250.0,262.0,256.0,248.0,244.0,266.0,240.0,252.0,248.0,262.0,254.0,246.0,252.0,250.0,260.0,244.0,254.0,262.0,248.0,270.0,254.0,252.0,250.0,250.0,256.0,278.0,244.0,248.0,276.0,268.0,252.0,250.0,254.0,268.0,258.0,258.0,258.0,270.0,262.0,282.0,258.0,256.0,238.0,274.0,270.0,274.0,286.0,290.0,264.0,246.0,278.0,278.0,258.0,270.0,304.0,282.0,280.0,290.0,268.0,270.0,280.0,260.0,284.0,304.0,282.0,274.0,279.0,284.0,318.0,268.0,260.0,264.0,282.0,284.0,302.0,270.0,272.0,276.0,274.0,260.0,280.0,286.0,242.0,262.0,284.0,294.0,284.0,288.0,274.0,292.0,272.0,276.0,274.0,280.0,280.0,284.0,264.0,284.0,292.0,278.0,292.0,282.0,292.0,286.0,302.0,304.0,284.0,272.0,278.0,294.0,288.0,304.0,284.0,284.0,290.0,294.0,304.0,308.0,300.0,296.0,286.0,294.0,300.0,304.0,300.0,288.0,306.0,304.0,282.0,284.0,284.0,288.0,280.0,314.0,298.0,296.0,304.0,290.0,298.0,278.0,306.0,286.0,292.0,302.0,298.0,306.0,298.0,280.0,308.0,280.0,280.0,298.0,308.0,294.0,292.0,292.0,274.0,298.0,298.0,300.0,296.0,308.0,290.0,292.0,314.0,302.0,272.0,306.0,286.0,282.0,320.0,314.0,302.0,302.0,314.0,306.0,302.0,310.0,292.0,296.0,284.0,294.0,300.0,336.0,300.0,314.0,304.0,298.0,300.0,308.0,302.0,302.0,304.0,312.0,316.0,300.0,314.0,300.0,312.0,296.0,318.0,324.0,302.0,328.0,316.0,306.0,310.0,324.0,320.0,318.0,322.0,304.0,312.0,316.0,298.0,316.0,316.0,316.0,340.0,326.0,322.0,300.0,318.0,326.0,332.0,308.0,312.0,318.0,324.0,306.0,308.0,320.0,318.0,310.0,296.0,314.0,326.0,328.0,306.0,290.0,310.0,320.0,304.0,304.0,328.0,316.0,322.0,328.0,310.0,334.0,338.0,322.0,330.0,316.0,322.0,336.0,330.0,324.0,332.0,330.0,332.0,292.0,324.0,318.0,342.0,328.0,328.0,322.0,322.0,320.0,332.0,336.0,326.0,364.0,346.0,336.0,326.0,324.0,342.0,338.0,346.0,326.0,344.0,318.0,330.0,316.0,324.0,356.0,322.0,318.0,344.0,322.0,332.0,340.0,340.0,326.0,340.0,314.0,352.0,326.0,342.0,350.0,330.0,346.0,346.0,324.0,302.0,332.0,328.0,328.0,342.0,320.0,340.0,340.0,344.0,342.0,336.0,344.0,348.0,336.0,328.0,302.0,338.0,346.0,346.0,350.0,338.0,328.0,344.0,338.0,336.0,334.0,334.0,300.0,322.0,322.0,352.0,346.0,326.0,338.0,342.0,348.0,350.0,338.0,344.0,314.0,328.0,346.0,342.0,358.0,340.0,336.0,348.0,344.0,340.0,346.0,328.0,330.0,332.0,338.0,342.0,338.0,346.0,344.0,346.0,348.0,342.0,356.0,334.0,330.0,350.0,340.0,352.0,346.0,344.0,328.0,366.0,322.0,356.0,344.0,342.0,350.0,338.0,350.0,336.0,366.0,344.0,340.0,362.0,364.0,346.0,320.0,358.0,344.0,344.0,356.0,342.0,350.0,344.0,330.0,354.0,360.0,330.0,364.0,356.0,352.0,370.0,356.0,344.0,346.0,362.0,380.0,338.0,348.0,376.0,348.0,364.0,328.0,358.0,368.0,340.0,370.0,340.0,362.0,338.0,338.0,348.0,358.0,370.0,360.0,372.0,350.0
15.486930000000001,4.6797200000000005,238.0,224.0,226.0,226.0,224.0,218.0,224.0,226.0,216.0,216.0,216.0,212.0,202.0,186.0,210.0,218.0,224.0,214.0,214.0,198.0,218.0,214.0,198.0,216.0,220.0,214.0,208.0,204.0,216.0,224.0,216.0,220.0,212.0,216.0,200.0,196.0,210.0,174.0,196.0,192.0,196.0,204.0,200.0,190.0,204.0,190.0,178.0,208.0,210.0,213.0,216.0,200.0,196.0,190.0,206.0,198.0,200.0,196.0,214.0,220.0,220.0,200.0,202.0,204.0,212.0,202.0,192.0,198.0,204.0,192.0,186.0,218.0,202.0,198.0,198.0,204.0,202.0,206.0,214.0,196.0,214.0,206.0,200.0,218.0,214.0,204.0,204.0,214.0,216.0,210.0,218.0,186.0,198.0,210.0,186.0,204.0,202.0,206.0,192.0,202.0,196.0,204.0,222.0,186.0,198.0,200.0,204.0,212.0,208.0,220.0,220.0,212.0,202.0,188.0,188.0,200.0,196.0,194.0,206.0,202.0,222.0,226.0,218.0,224.0,202.0,232.0,206.0,210.0,228.0,204.0,228.0,242.0,244.0,246.0,252.0,238.0,228.0,234.0,224.0,210.0,210.0,214.0,208.0,224.0,190.0,192.0,184.0,210.0,210.0,212.0,200.0,202.0,208.0,216.0,194.0,202.0,204.0,192.0,204.0,198.0,214.0,200.0,196.0,216.0,192.0,208.0,196.0,200.0,196.0,194.0,194.0,190.0,204.0,200.0,198.0,196.0,188.0,204.0,180.0,206.0,204.0,192.0,194.0,206.0,204.0,204.0,210.0,204.0,204.0,208.0,212.0,194.0,210.0,186.0,212.0,192.0,208.0,200.0,198.0,212.0,188.0,204.0,190.0,198.0,208.0,204.0,220.0,204.0,220.0,200.0,176.0,202.0,202.0,210.0,210.0,196.0,206.0,186.0,214.0,204.0,208.0,210.0,212.0,208.0,206.0,196.0,198.0,204.0,216.0,210.0,210.0,214.0,202.0,206.0,222.0,206.0,204.0,198.0,190.0,210.0,208.0,192.0,196.0,220.0,200.0,214.0,220.0,226.0,214.0,200.0,208.0,196.0,224.0,210.0,214.0,200.0,196.0,214.0,214.0,212.0,222.0,212.0,206.0,226.0,218.0,218.0,218.0,220.0,222.0,198.0,208.0,224.0,204.0,212.0,224.0,230.0,238.0,222.0,216.0,220.0,216.0,186.0,228.0,204.0,204.0,212.0,206.0,218.0,214.0,220.0,218.0,220.0,208.0,222.0,212.0,236.0,230.0,242.0,218.0,224.0,224.0,232.0,228.0,242.0,244.0,248.0,248.0,232.0,242.0,222.0,232.0,236.0,224.0,246.0,220.0,233.0,246.0,224.0,238.0,230.0,222.0,210.0,240.0,246.0,248.0,220.0,236.0,204.0,228.0,242.0,216.0,224.0,234.0,226.0,230.0,232.0,254.0,230.0,240.0,238.0,224.0,236.0,238.0,230.0,234.0,228.0,240.0,234.0,248.0,236.0,234.0,226.0,220.0,232.0,220.0,264.0,230.0,250.0,240.0,242.0,242.0,244.0,244.0,258.0,240.0,254.0,234.0,238.0,246.0,224.0,230.0,232.0,254.0,256.0,244.0,246.0,238.0,248.0,258.0,264.0,234.0,258.0,250.0,256.0,270.0,260.0,224.0,254.0,246.0,246.0,244.0,244.0,254.0,256.0,250.0,260.0,248.0,244.0,252.0,232.0,234.0,244.0,244.0,246.0,256.0,232.0,244.0,248.0,232.0,248.0,266.0,256.0,244.0,266.0,248.0,260.0,254.0,234.0,264.0,256.0,256.0,250.0,240.0,256.0,262.0,260.0,254.0,260.0,266.0,244.0,246.0,250.0,254.0,268.0,260.0,254.0,252.0,278.0,270.0,240.0,250.0,240.0,242.0,242.0,256.0,254.0,246.0,280.0,236.0,260.0,260.0,268.0,258.0,250.0,264.0,248.0,282.0,238.0,264.0,262.0,260.0,264.0,260.0,280.0,258.0,276.0,268.0,272.0,264.0,270.0,268.0,266.0,262.0,274.0,272.0,274.0,254.0,258.0,268.0,264.0,280.0,266.0,294.0,258.0,256.0,258.0,282.0,254.0,248.0,268.0,260.0,264.0,266.0,248.0,256.0,252.0,276.0,248.0,256.0,246.0,268.0,250.0,258.0,252.0,270.0,244.0,254.0,270.0,262.0,278.0,284.0,292.0,276.0,282.0,292.0,290.0,270.0,266.0,266.0,282.0,278.0,266.0,288.0,276.0,280.0,270.0,278.0,264.0,288.0,302.0,296.0,306.0,296.0,272.0,278.0,280.0,266.0,274.0,290.0,290.0,278.0,278.0,272.0,284.0,274.0,272.0,290.0,280.0,270.0,282.0,270.0,280.0,284.0,274.0,268.0,278.0,280.0,270.0,286.0,278.0,290.0,268.0,284.0,288.0,286.0,264.0,274.0,268.0,286.0,290.0,268.0,274.0,270.0,278.0,274.0,274.0,284.0,284.0,266.0,270.0,274.0,284.0,292.0,294.0,276.0,268.0,278.0,290.0,286.0,306.0,300.0,302.0,288.0,282.0,252.0,262.0,290.0,284.0,274.0,300.0,274.0,268.0,308.0,280.0,294.0,278.0,280.0,252.0,300.0,286.0,274.0,304.0,290.0,280.0,292.0,294.0,282.0,288.0,298.0,292.0,290.0,306.0,286.0,298.0,284.0,300.0,300.0,294.0,282.0,280.0,294.0,298.0,306.0,298.0,268.0,306.0,284.0,292.0,302.0,300.0,282.0,314.0,274.0,312.0,284.0,296.0,288.0,288.0,304.0,296.0,290.0,286.0,298.0,286.0,310.0,288.0,302.0,300.0,264.0,284.0,300.0,294.0,310.0,316.0,314.0,282.0,284.0,294.0,286.0,286.0,306.0,300.0,288.0,294.0,276.0,298.0,294.0,306.0,310.0,304.0,312.0
15.486930000000001,6.23962,124.0,112.0,120.0,114.0,120.0,116.0,120.0,110.0,114.0,124.0,116.0,110.0,104.0,116.0,114.0,118.0,120.0,118.0,132.0,142.0,120.0,128.0,136.0,136.0,138.0,144.0,144.0,134.0,136.0,140.0,136.0,138.0,138.0,128.0,112.0,126.0,128.0,114.0,132.0,128.0,132.0,122.0,126.0,114.0,122.0,130.0,128.0,122.0,126.0,129.0,120.0,130.0,132.0,134.0,134.0,142.0,132.0,144.0,142.0,148.0,138.0,136.0,136.0,130.0,134.0,126.0,130.0,128.0,136.0,134.0,122.0,118.0,144.0,136.0,132.0,130.0,126.0,144.0,132.0,120.0,134.0,136.0,128.0,132.0,122.0,146.0,132.0,128.0,136.0,140.0,122.0,126.0,120.0,138.0,116.0,132.0,110.0,120.0,126.0,108.0,130.0,130.0,132.0,130.0,116.0,114.0,114.0,130.0,128.0,136.0,128.0,122.0,122.0,126.0,128.0,138.0,136.0,130.0,128.0,142.0,128.0,132.0,132.0,136.0,122.0,142.0,132.0,130.0,142.0,136.0,138.0,154.0,158.0,156.0,148.0,172.0,142.0,144.0,132.0,132.0,122.0,138.0,136.0,118.0,124.0,130.0,126.0,126.0,120.0,126.0,136.0,130.0,132.0,138.0,148.0,128.0,128.0,124.0,146.0,126.0,124.0,116.0,128.0,140.0,124.0,136.0,118.0,124.0,128.0,140.0,134.0,122.0,138.0,130.0,130.0,130.0,138.0,128.0,142.0,136.0,138.0,138.0,142.0,132.0,130.0,126.0,142.0,146.0,150.0,140.0,142.0,138.0,134.0,146.0,142.0,144.0,140.0,136.0,132.0,138.0,138.0,128.0,136.0,130.0,130.0,132.0,148.0,142.0,122.0,140.0,142.0,140.0,126.0,140.0,138.0,144.0,150.0,154.0,132.0,148.0,138.0,144.0,122.0,148.0,148.0,144.0,146.0,154.0,140.0,152.0,142.0,140.0,144.0,152.0,136.0,136.0,134.0,138.0,152.0,146.0,136.0,136.0,150.0,134.0,136.0,142.0,148.0,146.0,144.0,146.0,140.0,128.0,144.0,140.0,128.0,140.0,132.0,134.0,146.0,156.0,152.0,142.0,138.0,148.0,146.0,136.0,154.0,148.0,152.0,140.0,152.0,140.0,136.0,146.0,144.0,150.0,142.0,148.0,160.0,144.0,156.0,148.0,142.0,134.0,160.0,144.0,152.0,160.0,162.0,160.0,144.0,144.0,156.0,154.0,152.0,158.0,162.0,160.0,154.0,152.0,156.0,156.0,154.0,146.0,164.0,168.0,156.0,152.0,144.0,148.0,156.0,176.0,152.0,174.0,164.0,162.0,160.0,164.0,156.0,152.0,148.0,150.0,150.0,162.0,150.0,164.0,146.0,166.0,158.0,164.0,166.0,156.0,158.0,152.0,166.0,160.0,150.0,140.0,168.0,158.0,158.0,158.0,158.0,152.0,174.0,160.0,150.0,148.0,166.0,168.0,160.0,156.0,152.0,150.0,178.0,152.0,176.0,162.0,146.0,166.0,152.0,148.0,166.0,162.0,170.0,168.0,168.0,178.0,174.0,156.0,174.0,152.0,168.0,150.0,168.0,170.0,160.0,162.0,170.0,152.0,162.0,168.0,172.0,160.0,156.0,178.0,164.0,166.0,168.0,168.0,170.0,152.0,170.0,168.0,160.0,158.0,172.0,160.0,170.0,184.0,164.0,162.0,156.0,166.0,176.0,176.0,156.0,172.0,170.0,164.0,170.0,164.0,170.0,164.0,168.0,170.0,176.0,160.0,176.0,164.0,168.0,186.0,160.0,156.0,174.0,178.0,170.0,172.0,170.0,174.0,174.0,168.0,158.0,178.0,162.0,168.0,180.0,154.0,164.0,164.0,166.0,180.0,174.0,160.0,178.0,168.0,168.0,194.0,184.0,164.0,164.0,174.0,176.0,182.0,192.0,174.0,170.0,182.0,178.0,172.0,174.0,162.0,178.0,154.0,166.0,168.0,172.0,174.0,186.0,174.0,180.0,164.0,178.0,170.0,174.0,172.0,174.0,174.0,184.0,172.0,180.0,154.0,174.0,158.0,166.0,196.0,178.0,158.0,188.0,160.0,182.0,164.0,162.0,170.0,176.0,174.0,170.0,166.0,180.0,166.0,182.0,190.0,186.0,180.0,170.0,166.0,190.0,180.0,170.0,178.0,178.0,166.0,200.0,190.0,180.0,192.0,188.0,188.0,156.0,190.0,178.0,180.0,190.0,168.0,182.0,186.0,184.0,180.0,178.0,182.0,194.0,180.0,184.0,196.0,190.0,186.0,176.0,174.0,186.0,172.0,182.0,184.0,202.0,176.0,180.0,180.0,168.0,186.0,186.0,162.0,184.0,178.0,168.0,170.0,172.0,186.0,184.0,184.0,168.0,186.0,188.0,176.0,184.0,180.0,186.0,174.0,182.0,166.0,186.0,194.0,182.0,190.0,174.0,170.0,178.0,198.0,166.0,166.0,180.0,198.0,184.0,190.0,192.0,182.0,196.0,194.0,180.0,192.0,188.0,176.0,194.0,188.0,192.0,168.0,190.0,192.0,202.0,198.0,186.0,180.0,172.0,200.0,188.0,192.0,174.0,190.0,186.0,190.0,188.0,188.0,178.0,194.0,182.0,180.0,182.0,182.0,180.0,192.0,190.0,190.0,168.0,188.0,174.0,190.0,180.0,188.0,186.0,172.0,188.0,178.0,184.0,196.0,198.0,204.0,178.0,184.0,190.0,190.0,186.0,198.0,178.0,184.0,190.0,186.0,190.0,202.0,172.0,198.0,196.0,196.0,192.0,192.0,182.0,198.0,180.0,180.0,194.0,188.0,188.0,196.0,178.0,188.0,194.0,196.0,186.0,206.0,204.0,190.0,196.0,182.0,180.0,180.0,178.0,194.0,194.0,186.0,196.0,180.0,168.0,192.0,178.0
15.486930000000001,7.799523000000001,122.0,102.0,114.0,108.0,120.0,102.0,112.0,104.0,112.0,108.0,104.0,108.0,114.0,120.0,112.0,116.0,118.0,124.0,124.0,126.0,124.0,118.0,130.0,142.0,144.0,126.0,132.0,140.0,146.0,148.0,138.0,144.0,120.0,118.0,142.0,136.0,118.0,130.0,132.0,122.0,132.0,126.0,116.0,126.0,124.0,130.0,128.0,132.0,136.0,133.0,130.0,130.0,136.0,124.0,138.0,148.0,132.0,140.0,146.0,148.0,142.0,142.0,134.0,142.0,140.0,118.0,120.0,122.0,134.0,122.0,116.0,124.0,126.0,116.0,112.0,124.0,128.0,112.0,118.0,122.0,124.0,126.0,114.0,136.0,130.0,124.0,124.0,132.0,134.0,130.0,140.0,130.0,144.0,120.0,126.0,124.0,120.0,116.0,120.0,136.0,118.0,124.0,118.0,126.0,118.0,116.0,124.0,116.0,112.0,122.0,114.0,112.0,118.0,124.0,122.0,118.0,104.0,132.0,120.0,124.0,126.0,132.0,136.0,138.0,146.0,138.0,136.0,134.0,130.0,146.0,158.0,158.0,186.0,174.0,170.0,158.0,150.0,150.0,142.0,130.0,124.0,136.0,124.0,112.0,128.0,126.0,126.0,128.0,130.0,132.0,138.0,130.0,122.0,130.0,128.0,122.0,132.0,136.0,126.0,138.0,130.0,120.0,130.0,118.0,116.0,118.0,118.0,120.0,122.0,128.0,122.0,120.0,126.0,124.0,128.0,128.0,120.0,110.0,118.0,126.0,132.0,122.0,128.0,128.0,128.0,120.0,132.0,142.0,130.0,128.0,138.0,116.0,136.0,132.0,140.0,124.0,130.0,134.0,120.0,120.0,132.0,140.0,124.0,126.0,142.0,130.0,126.0,146.0,126.0,150.0,128.0,126.0,132.0,126.0,144.0,126.0,140.0,138.0,134.0,128.0,132.0,130.0,130.0,132.0,140.0,140.0,122.0,126.0,130.0,138.0,144.0,130.0,150.0,140.0,142.0,130.0,132.0,132.0,136.0,118.0,150.0,138.0,146.0,140.0,130.0,120.0,136.0,122.0,136.0,134.0,126.0,134.0,148.0,128.0,140.0,142.0,132.0,134.0,138.0,142.0,142.0,136.0,140.0,148.0,136.0,142.0,140.0,136.0,132.0,140.0,140.0,130.0,136.0,130.0,142.0,138.0,146.0,142.0,144.0,156.0,122.0,132.0,150.0,136.0,146.0,124.0,140.0,148.0,136.0,130.0,140.0,138.0,140.0,152.0,150.0,138.0,132.0,144.0,152.0,148.0,160.0,146.0,148.0,166.0,160.0,150.0,154.0,146.0,150.0,144.0,142.0,130.0,148.0,140.0,142.0,141.0,132.0,166.0,156.0,152.0,154.0,144.0,144.0,148.0,152.0,146.0,146.0,146.0,142.0,154.0,136.0,148.0,154.0,148.0,150.0,142.0,164.0,144.0,156.0,162.0,156.0,146.0,150.0,152.0,158.0,148.0,150.0,162.0,156.0,158.0,154.0,158.0,160.0,154.0,138.0,160.0,160.0,152.0,160.0,150.0,154.0,146.0,154.0,154.0,150.0,150.0,150.0,144.0,148.0,170.0,150.0,148.0,170.0,164.0,146.0,160.0,160.0,148.0,164.0,160.0,160.0,152.0,152.0,162.0,154.0,148.0,160.0,158.0,164.0,152.0,154.0,154.0,156.0,164.0,152.0,164.0,158.0,160.0,160.0,166.0,162.0,162.0,144.0,162.0,154.0,146.0,168.0,152.0,164.0,166.0,150.0,172.0,166.0,148.0,152.0,162.0,152.0,160.0,164.0,166.0,162.0,172.0,172.0,156.0,156.0,148.0,148.0,170.0,152.0,176.0,158.0,144.0,158.0,168.0,152.0,168.0,170.0,156.0,166.0,172.0,154.0,166.0,166.0,170.0,164.0,164.0,156.0,160.0,146.0,164.0,164.0,164.0,162.0,170.0,158.0,170.0,164.0,166.0,152.0,168.0,184.0,160.0,174.0,176.0,160.0,154.0,162.0,166.0,168.0,180.0,154.0,172.0,160.0,158.0,174.0,170.0,166.0,160.0,168.0,166.0,162.0,176.0,154.0,180.0,168.0,162.0,170.0,170.0,168.0,166.0,176.0,176.0,166.0,168.0,154.0,174.0,162.0,166.0,178.0,168.0,160.0,162.0,176.0,176.0,170.0,156.0,168.0,170.0,170.0,170.0,174.0,168.0,164.0,172.0,164.0,178.0,166.0,158.0,172.0,172.0,164.0,172.0,164.0,180.0,172.0,162.0,184.0,170.0,164.0,180.0,178.0,190.0,168.0,180.0,164.0,172.0,172.0,158.0,168.0,178.0,174.0,166.0,172.0,156.0,160.0,168.0,162.0,176.0,176.0,164.0,164.0,166.0,174.0,172.0,172.0,172.0,162.0,168.0,174.0,158.0,168.0,160.0,166.0,168.0,176.0,184.0,168.0,186.0,184.0,180.0,170.0,172.0,176.0,174.0,174.0,180.0,176.0,172.0,172.0,188.0,184.0,166.0,186.0,168.0,174.0,168.0,188.0,172.0,166.0,182.0,180.0,172.0,158.0,164.0,186.0,180.0,184.0,170.0,176.0,186.0,172.0,184.0,180.0,184.0,184.0,174.0,180.0,172.0,174.0,174.0,180.0,166.0,164.0,176.0,166.0,170.0,174.0,182.0,166.0,180.0,164.0,168.0,182.0,180.0,168.0,184.0,174.0,190.0,160.0,176.0,182.0,182.0,166.0,180.0,164.0,162.0,174.0,174.0,166.0,178.0,184.0,174.0,176.0,174.0,180.0,166.0,172.0,180.0,172.0,168.0,174.0,178.0,178.0,184.0,170.0,182.0,170.0,174.0,168.0,192.0,178.0,158.0,172.0,172.0,186.0,184.0,176.0,176.0,160.0,186.0,182.0,170.0,172.0,170.0,184.0,180.0,172.0,170.0,188.0,172.0,150.0
15.486930000000001,9.35943,92.0,98.0,84.0,96.0,94.0,90.0,88.0,84.0,94.0,90.0,84.0,94.0,86.0,96.0,90.0,94.0,104.0,104.0,106.0,110.0,114.0,102.0,112.0,106.0,104.0,114.0,124.0,120.0,106.0,116.0,106.0,112.0,104.0,112.0,112.0,110.0,114.0,116.0,106.0,98.0,120.0,104.0,98.0,98.0,104.0,98.0,106.0,112.0,104.0,106.0,108.0,104.0,114.0,118.0,110.0,112.0,106.0,112.0,112.0,116.0,112.0,112.0,94.0,110.0,110.0,98.0,98.0,108.0,112.0,102.0,104.0,98.0,94.0,106.0,108.0,112.0,102.0,122.0,110.0,100.0,106.0,112.0,104.0,110.0,96.0,106.0,108.0,96.0,106.0,114.0,112.0,102.0,112.0,112.0,94.0,102.0,102.0,100.0,102.0,110.0,110.0,106.0,110.0,116.0,90.0,104.0,106.0,102.0,106.0,88.0,92.0,96.0,96.0,96.0,98.0,108.0,102.0,102.0,102.0,110.0,116.0,108.0,100.0,106.0,120.0,114.0,110.0,108.0,118.0,108.0,124.0,122.0,136.0,134.0,144.0,134.0,114.0,122.0,112.0,112.0,118.0,104.0,100.0,108.0,100.0,100.0,108.0,112.0,118.0,106.0,114.0,102.0,102.0,112.0,104.0,104.0,98.0,104.0,98.0,104.0,98.0,108.0,106.0,106.0,104.0,102.0,96.0,98.0,104.0,102.0,100.0,104.0,98.0,86.0,104.0,104.0,108.0,96.0,112.0,104.0,108.0,102.0,100.0,118.0,116.0,104.0,108.0,100.0,110.0,116.0,108.0,104.0,114.0,108.0,108.0,118.0,100.0,110.0,110.0,100.0,98.0,100.0,102.0,112.0,94.0,112.0,100.0,104.0,100.0,96.0,118.0,110.0,104.0,112.0,102.0,110.0,110.0,114.0,108.0,106.0,108.0,112.0,110.0,114.0,114.0,120.0,118.0,112.0,112.0,112.0,108.0,114.0,106.0,112.0,120.0,110.0,118.0,118.0,116.0,110.0,112.0,94.0,116.0,118.0,92.0,98.0,118.0,108.0,114.0,116.0,118.0,106.0,120.0,108.0,100.0,118.0,118.0,116.0,110.0,116.0,120.0,120.0,120.0,120.0,114.0,120.0,116.0,118.0,114.0,108.0,118.0,114.0,114.0,120.0,120.0,110.0,124.0,118.0,116.0,106.0,116.0,116.0,118.0,118.0,120.0,124.0,122.0,126.0,120.0,112.0,126.0,108.0,130.0,120.0,118.0,104.0,114.0,124.0,132.0,114.0,128.0,114.0,106.0,122.0,126.0,134.0,122.0,122.0,116.0,114.0,114.0,128.0,126.0,124.0,118.0,120.0,114.0,110.0,122.0,118.0,124.0,128.0,130.0,114.0,130.0,126.0,138.0,128.0,118.0,110.0,130.0,136.0,126.0,130.0,120.0,118.0,118.0,120.0,122.0,132.0,128.0,114.0,134.0,128.0,132.0,130.0,116.0,120.0,128.0,134.0,122.0,136.0,122.0,130.0,120.0,136.0,128.0,128.0,130.0,138.0,122.0,128.0,122.0,118.0,124.0,138.0,122.0,128.0,130.0,126.0,130.0,146.0,122.0,138.0,126.0,142.0,120.0,136.0,124.0,132.0,126.0,122.0,130.0,138.0,128.0,138.0,128.0,122.0,116.0,146.0,110.0,134.0,126.0,136.0,138.0,126.0,146.0,122.0,132.0,126.0,134.0,130.0,132.0,126.0,130.0,134.0,142.0,124.0,146.0,128.0,122.0,142.0,128.0,140.0,138.0,136.0,134.0,138.0,134.0,134.0,130.0,134.0,136.0,142.0,138.0,142.0,138.0,140.0,126.0,150.0,144.0,152.0,142.0,136.0,144.0,144.0,138.0,138.0,142.0,128.0,130.0,140.0,130.0,142.0,140.0,130.0,134.0,138.0,128.0,146.0,126.0,148.0,130.0,138.0,130.0,132.0,136.0,142.0,130.0,140.0,136.0,136.0,150.0,138.0,136.0,138.0,142.0,148.0,138.0,136.0,130.0,138.0,134.0,136.0,140.0,140.0,142.0,144.0,158.0,128.0,146.0,144.0,132.0,142.0,144.0,132.0,156.0,134.0,140.0,140.0,150.0,134.0,146.0,144.0,146.0,128.0,144.0,134.0,142.0,138.0,142.0,144.0,132.0,150.0,134.0,152.0,138.0,150.0,142.0,132.0,150.0,146.0,136.0,156.0,136.0,150.0,140.0,138.0,144.0,142.0,150.0,138.0,146.0,156.0,138.0,138.0,154.0,146.0,150.0,130.0,144.0,140.0,140.0,146.0,144.0,140.0,144.0,148.0,134.0,138.0,138.0,146.0,136.0,144.0,142.0,136.0,144.0,150.0,144.0,146.0,140.0,152.0,142.0,140.0,154.0,148.0,146.0,136.0,138.0,142.0,152.0,134.0,142.0,142.0,150.0,152.0,138.0,144.0,136.0,144.0,152.0,152.0,138.0,146.0,138.0,136.0,144.0,144.0,152.0,146.0,142.0,134.0,142.0,118.0,142.0,128.0,156.0,142.0,136.0,156.0,158.0,128.0,144.0,150.0,154.0,144.0,152.0,150.0,148.0,130.0,156.0,146.0,148.0,168.0,130.0,136.0,148.0,146.0,144.0,148.0,144.0,144.0,150.0,134.0,140.0,162.0,146.0,144.0,152.0,134.0,150.0,146.0,126.0,140.0,152.0,138.0,152.0,146.0,136.0,152.0,152.0,140.0,136.0,156.0,146.0,160.0,142.0,152.0,146.0,142.0,164.0,140.0,148.0,154.0,144.0,162.0,152.0,152.0,162.0,150.0,144.0,140.0,152.0,152.0,152.0,150.0,150.0,138.0,140.0,152.0,144.0,152.0,154.0,160.0,154.0,154.0,144.0,136.0,144.0,154.0,134.0,152.0,156.0,162.0,138.0,150.0,134.0,134.0,150.0,164.0,156.0
15.486930000000001,10.91933,82.0,88.0,90.0,90.0,92.0,84.0,84.0,90.0,78.0,88.0,80.0,92.0,74.0,88.0,86.0,84.0,86.0,96.0,86.0,90.0,102.0,84.0,94.0,96.0,92.0,110.0,94.0,102.0,90.0,100.0,96.0,108.0,102.0,104.0,96.0,98.0,98.0,92.0,98.0,100.0,88.0,88.0,94.0,102.0,104.0,96.0,100.0,104.0,98.0,105.0,110.0,96.0,110.0,102.0,104.0,108.0,96.0,108.0,106.0,110.0,106.0,96.0,110.0,114.0,98.0,100.0,102.0,100.0,106.0,94.0,96.0,94.0,90.0,100.0,96.0,108.0,100.0,102.0,96.0,92.0,98.0,98.0,106.0,100.0,108.0,98.0,110.0,106.0,108.0,86.0,102.0,86.0,100.0,108.0,106.0,90.0,94.0,96.0,92.0,96.0,106.0,98.0,90.0,98.0,88.0,84.0,106.0,100.0,100.0,94.0,94.0,90.0,94.0,102.0,98.0,98.0,100.0,104.0,88.0,92.0,100.0,108.0,112.0,94.0,106.0,112.0,98.0,100.0,98.0,110.0,118.0,120.0,118.0,124.0,112.0,104.0,116.0,106.0,96.0,110.0,94.0,104.0,94.0,96.0,96.0,88.0,100.0,102.0,88.0,100.0,100.0,94.0,98.0,102.0,100.0,98.0,98.0,90.0,92.0,90.0,94.0,82.0,94.0,100.0,106.0,102.0,100.0,106.0,100.0,84.0,96.0,102.0,94.0,104.0,102.0,98.0,104.0,96.0,106.0,98.0,100.0,104.0,102.0,108.0,92.0,94.0,98.0,106.0,112.0,100.0,86.0,102.0,100.0,88.0,114.0,104.0,100.0,100.0,106.0,100.0,86.0,96.0,102.0,104.0,104.0,104.0,110.0,100.0,100.0,100.0,108.0,102.0,110.0,116.0,106.0,90.0,106.0,88.0,98.0,98.0,102.0,100.0,100.0,100.0,102.0,96.0,106.0,98.0,94.0,108.0,100.0,106.0,106.0,104.0,98.0,108.0,94.0,106.0,96.0,106.0,98.0,106.0,96.0,96.0,100.0,96.0,100.0,98.0,108.0,108.0,84.0,104.0,102.0,106.0,116.0,110.0,106.0,104.0,100.0,114.0,100.0,106.0,108.0,106.0,104.0,110.0,98.0,102.0,102.0,88.0,100.0,100.0,100.0,102.0,104.0,104.0,110.0,114.0,108.0,112.0,110.0,114.0,108.0,102.0,110.0,102.0,116.0,112.0,102.0,108.0,102.0,112.0,112.0,120.0,106.0,114.0,106.0,90.0,102.0,116.0,112.0,112.0,120.0,116.0,124.0,108.0,106.0,116.0,100.0,108.0,116.0,100.0,100.0,112.0,112.0,109.0,104.0,112.0,104.0,108.0,104.0,108.0,110.0,116.0,106.0,106.0,100.0,112.0,112.0,110.0,104.0,104.0,112.0,118.0,108.0,106.0,106.0,118.0,114.0,122.0,114.0,114.0,124.0,118.0,114.0,112.0,104.0,112.0,116.0,112.0,112.0,116.0,116.0,120.0,114.0,104.0,112.0,126.0,108.0,114.0,120.0,124.0,110.0,120.0,100.0,122.0,126.0,106.0,118.0,118.0,118.0,118.0,106.0,112.0,110.0,112.0,122.0,120.0,102.0,128.0,112.0,120.0,110.0,120.0,126.0,116.0,118.0,120.0,130.0,138.0,118.0,118.0,118.0,118.0,116.0,110.0,118.0,120.0,126.0,124.0,104.0,110.0,130.0,118.0,120.0,118.0,122.0,128.0,132.0,118.0,134.0,120.0,108.0,122.0,124.0,124.0,126.0,118.0,134.0,120.0,128.0,106.0,118.0,122.0,112.0,110.0,122.0,122.0,126.0,124.0,120.0,116.0,136.0,118.0,122.0,118.0,130.0,124.0,116.0,110.0,118.0,126.0,120.0,126.0,122.0,130.0,120.0,118.0,126.0,114.0,108.0,136.0,128.0,124.0,118.0,112.0,124.0,112.0,120.0,116.0,136.0,118.0,126.0,130.0,122.0,128.0,116.0,136.0,118.0,106.0,140.0,122.0,138.0,114.0,122.0,130.0,124.0,118.0,128.0,108.0,116.0,120.0,110.0,124.0,132.0,120.0,130.0,116.0,118.0,122.0,120.0,122.0,124.0,112.0,126.0,122.0,120.0,128.0,122.0,138.0,120.0,128.0,134.0,120.0,132.0,118.0,126.0,126.0,128.0,112.0,132.0,130.0,120.0,134.0,124.0,126.0,140.0,126.0,126.0,136.0,132.0,132.0,132.0,138.0,126.0,122.0,120.0,124.0,122.0,128.0,122.0,120.0,126.0,124.0,134.0,128.0,128.0,122.0,124.0,126.0,120.0,132.0,134.0,136.0,130.0,134.0,124.0,130.0,126.0,134.0,130.0,122.0,138.0,128.0,122.0,136.0,126.0,118.0,128.0,118.0,124.0,124.0,106.0,134.0,124.0,118.0,114.0,134.0,114.0,132.0,124.0,132.0,116.0,134.0,120.0,124.0,148.0,120.0,124.0,132.0,136.0,130.0,124.0,130.0,124.0,140.0,128.0,126.0,124.0,122.0,136.0,128.0,142.0,122.0,140.0,116.0,138.0,134.0,120.0,132.0,124.0,130.0,128.0,126.0,136.0,138.0,114.0,120.0,128.0,142.0,128.0,132.0,126.0,132.0,146.0,130.0,128.0,128.0,134.0,134.0,120.0,128.0,134.0,104.0,122.0,146.0,132.0,118.0,140.0,136.0,138.0,124.0,120.0,136.0,132.0,124.0,134.0,118.0,126.0,128.0,138.0,138.0,122.0,132.0,142.0,142.0,134.0,134.0,142.0,140.0,126.0,130.0,142.0,132.0,138.0,144.0,130.0,144.0,118.0,132.0,134.0,114.0,132.0,134.0,138.0,122.0,144.0,136.0,118.0,144.0,140.0,132.0,130.0,140.0,136.0,150.0,132.0,138.0,136.0,134.0,128.0
15.486930000000001,12.479230000000001,80.0,74.0,80.0,68.0,76.0,78.0,74.0,70.0,70.0,66.0,70.0,68.0,72.0,74.0,68.0,74.0,72.0,78.0,78.0,92.0,88.0,80.0,88.0,78.0,80.0,84.0,96.0,94.0,86.0,78.0,78.0,88.0,78.0,82.0,82.0,82.0,88.0,76.0,76.0,82.0,78.0,68.0,88.0,84.0,78.0,90.0,80.0,82.0,86.0,85.0,78.0,82.0,82.0,84.0,88.0,80.0,86.0,94.0,84.0,88.0,86.0,76.0,80.0,76.0,68.0,74.0,82.0,68.0,86.0,90.0,94.0,86.0,82.0,96.0,94.0,88.0,72.0,76.0,86.0,84.0,80.0,76.0,90.0,90.0,98.0,86.0,88.0,82.0,92.0,82.0,82.0,92.0,82.0,86.0,74.0,78.0,80.0,86.0,76.0,82.0,74.0,78.0,66.0,80.0,80.0,78.0,84.0,82.0,78.0,84.0,74.0,74.0,80.0,82.0,78.0,86.0,76.0,74.0,82.0,82.0,80.0,92.0,88.0,88.0,74.0,94.0,84.0,78.0,82.0,90.0,92.0,80.0,100.0,90.0,98.0,84.0,92.0,86.0,80.0,86.0,78.0,82.0,78.0,92.0,74.0,66.0,86.0,80.0,74.0,80.0,80.0,80.0,78.0,82.0,76.0,74.0,86.0,92.0,76.0,70.0,72.0,82.0,76.0,84.0,90.0,74.0,74.0,72.0,74.0,78.0,78.0,80.0,76.0,84.0,76.0,64.0,78.0,78.0,76.0,82.0,82.0,78.0,88.0,92.0,94.0,80.0,92.0,92.0,84.0,84.0,74.0,76.0,86.0,86.0,84.0,74.0,84.0,94.0,82.0,86.0,98.0,84.0,72.0,74.0,78.0,78.0,88.0,68.0,86.0,78.0,74.0,72.0,82.0,84.0,84.0,74.0,64.0,84.0,78.0,76.0,78.0,72.0,78.0,78.0,74.0,80.0,76.0,78.0,80.0,56.0,76.0,78.0,76.0,80.0,76.0,68.0,82.0,68.0,78.0,76.0,66.0,82.0,82.0,78.0,66.0,78.0,74.0,78.0,66.0,84.0,68.0,76.0,82.0,78.0,74.0,64.0,86.0,78.0,82.0,80.0,82.0,82.0,84.0,84.0,78.0,78.0,76.0,80.0,66.0,84.0,74.0,76.0,78.0,78.0,74.0,78.0,70.0,76.0,78.0,76.0,76.0,72.0,70.0,80.0,68.0,84.0,70.0,84.0,66.0,78.0,74.0,82.0,68.0,80.0,76.0,82.0,80.0,70.0,80.0,76.0,80.0,76.0,82.0,84.0,86.0,84.0,80.0,72.0,82.0,86.0,80.0,86.0,76.0,82.0,80.0,76.0,72.0,76.0,76.0,76.0,84.0,86.0,70.0,80.0,80.0,74.0,70.0,68.0,80.0,80.0,78.0,78.0,78.0,84.0,86.0,82.0,86.0,74.0,92.0,84.0,82.0,88.0,78.0,90.0,80.0,92.0,76.0,82.0,80.0,78.0,74.0,88.0,82.0,84.0,92.0,84.0,86.0,86.0,86.0,86.0,88.0,80.0,92.0,70.0,80.0,94.0,86.0,82.0,88.0,84.0,88.0,80.0,82.0,78.0,78.0,88.0,84.0,78.0,82.0,86.0,82.0,94.0,76.0,84.0,88.0,98.0,82.0,76.0,82.0,78.0,74.0,90.0,80.0,84.0,80.0,76.0,86.0,82.0,86.0,78.0,80.0,84.0,76.0,78.0,88.0,84.0,82.0,78.0,80.0,94.0,92.0,80.0,86.0,80.0,84.0,86.0,82.0,94.0,92.0,82.0,84.0,90.0,90.0,82.0,86.0,82.0,82.0,82.0,90.0,94.0,80.0,94.0,88.0,88.0,80.0,88.0,90.0,92.0,94.0,94.0,94.0,88.0,96.0,80.0,84.0,86.0,92.0,78.0,86.0,74.0,94.0,84.0,74.0,98.0,92.0,84.0,74.0,88.0,82.0,88.0,84.0,86.0,80.0,94.0,98.0,86.0,84.0,76.0,84.0,84.0,96.0,86.0,102.0,80.0,94.0,88.0,78.0,94.0,92.0,84.0,82.0,86.0,80.0,76.0,92.0,74.0,96.0,78.0,86.0,88.0,88.0,92.0,88.0,82.0,100.0,78.0,78.0,88.0,88.0,80.0,84.0,82.0,88.0,90.0,90.0,88.0,94.0,90.0,76.0,92.0,94.0,84.0,102.0,90.0,88.0,94.0,78.0,94.0,90.0,90.0,96.0,88.0,94.0,80.0,86.0,92.0,84.0,78.0,90.0,98.0,90.0,94.0,92.0,98.0,84.0,92.0,94.0,84.0,70.0,88.0,82.0,90.0,92.0,92.0,94.0,86.0,94.0,84.0,78.0,82.0,76.0,86.0,84.0,84.0,94.0,80.0,82.0,88.0,98.0,80.0,84.0,78.0,86.0,84.0,92.0,96.0,86.0,88.0,82.0,92.0,92.0,92.0,100.0,90.0,92.0,98.0,84.0,86.0,82.0,92.0,92.0,90.0,80.0,80.0,94.0,96.0,86.0,82.0,88.0,100.0,96.0,106.0,98.0,94.0,90.0,88.0,84.0,94.0,94.0,98.0,98.0,96.0,76.0,92.0,90.0,80.0,94.0,90.0,86.0,102.0,92.0,104.0,84.0,90.0,90.0,94.0,86.0,90.0,86.0,100.0,98.0,88.0,86.0,98.0,86.0,96.0,86.0,104.0,86.0,92.0,88.0,88.0,88.0,94.0,106.0,86.0,86.0,96.0,88.0,102.0,86.0,90.0,84.0,94.0,100.0,84.0,78.0,102.0,102.0,94.0,98.0,88.0,106.0,86.0,92.0,92.0,96.0,104.0,90.0,82.0,94.0,96.0,88.0,90.0,90.0,102.0,88.0,104.0,94.0,100.0,92.0,88.0,94.0,100.0,92.0,82.0,102.0,98.0,112.0,94.0,108.0
15.486930000000001,14.03914,108.0,110.0,108.0,106.0,120.0,114.0,98.0,112.0,108.0,104.0,114.0,108.0,118.0,116.0,132.0,118.0,108.0,120.0,118.0,132.0,126.0,122.0,134.0,120.0,130.0,136.0,138.0,132.0,130.0,140.0,138.0,128.0,126.0,134.0,110.0,114.0,132.0,128.0,126.0,132.0,122.0,132.0,126.0,122.0,124.0,110.0,126.0,132.0,134.0,125.0,116.0,130.0,130.0,122.0,116.0,130.0,146.0,124.0,140.0,136.0,134.0,130.0,124.0,124.0,120.0,130.0,138.0,142.0,116.0,142.0,134.0,138.0,144.0,154.0,136.0,128.0,140.0,122.0,126.0,140.0,136.0,142.0,134.0,144.0,144.0,130.0,142.0,150.0,126.0,142.0,138.0,146.0,142.0,130.0,136.0,124.0,130.0,118.0,134.0,120.0,122.0,132.0,142.0,146.0,136.0,128.0,134.0,122.0,112.0,130.0,130.0,136.0,122.0,122.0,124.0,132.0,124.0,140.0,134.0,122.0,142.0,126.0,134.0,140.0,130.0,132.0,138.0,136.0,136.0,134.0,132.0,142.0,142.0,140.0,136.0,146.0,146.0,136.0,136.0,134.0,134.0,140.0,120.0,118.0,140.0,112.0,138.0,146.0,134.0,132.0,138.0,134.0,118.0,130.0,138.0,138.0,134.0,134.0,140.0,116.0,120.0,126.0,138.0,112.0,140.0,128.0,118.0,122.0,144.0,132.0,124.0,134.0,132.0,140.0,144.0,124.0,136.0,134.0,134.0,140.0,156.0,148.0,154.0,144.0,150.0,154.0,154.0,160.0,146.0,146.0,148.0,152.0,144.0,152.0,138.0,142.0,150.0,130.0,134.0,140.0,132.0,132.0,144.0,118.0,134.0,136.0,134.0,128.0,148.0,124.0,136.0,132.0,116.0,132.0,144.0,122.0,134.0,124.0,114.0,124.0,134.0,134.0,122.0,128.0,120.0,130.0,130.0,132.0,144.0,130.0,136.0,126.0,136.0,132.0,120.0,114.0,124.0,122.0,128.0,126.0,122.0,128.0,134.0,124.0,118.0,132.0,124.0,134.0,114.0,142.0,116.0,148.0,118.0,126.0,122.0,122.0,118.0,132.0,136.0,122.0,114.0,138.0,134.0,132.0,128.0,128.0,124.0,136.0,112.0,114.0,128.0,134.0,124.0,120.0,140.0,128.0,114.0,118.0,118.0,128.0,136.0,120.0,130.0,124.0,128.0,116.0,130.0,136.0,108.0,128.0,134.0,134.0,134.0,130.0,142.0,122.0,144.0,130.0,128.0,126.0,126.0,132.0,124.0,140.0,140.0,136.0,142.0,142.0,130.0,132.0,144.0,128.0,132.0,132.0,152.0,142.0,132.0,128.0,136.0,126.0,132.0,122.0,138.0,124.0,122.0,128.0,132.0,140.0,116.0,142.0,142.0,118.0,118.0,136.0,136.0,150.0,126.0,128.0,142.0,128.0,134.0,122.0,122.0,124.0,134.0,150.0,130.0,132.0,158.0,140.0,128.0,138.0,132.0,126.0,128.0,146.0,140.0,126.0,126.0,142.0,130.0,140.0,128.0,134.0,142.0,138.0,126.0,122.0,128.0,148.0,132.0,150.0,114.0,136.0,152.0,130.0,128.0,134.0,120.0,144.0,128.0,130.0,132.0,140.0,146.0,134.0,144.0,136.0,134.0,150.0,142.0,136.0,134.0,146.0,132.0,136.0,140.0,132.0,138.0,136.0,148.0,128.0,140.0,130.0,138.0,154.0,148.0,158.0,130.0,124.0,140.0,138.0,150.0,144.0,132.0,148.0,144.0,148.0,146.0,142.0,138.0,144.0,134.0,134.0,138.0,152.0,142.0,142.0,142.0,136.0,144.0,144.0,136.0,144.0,134.0,134.0,146.0,136.0,154.0,138.0,152.0,144.0,138.0,142.0,136.0,152.0,136.0,138.0,144.0,138.0,136.0,148.0,152.0,140.0,142.0,152.0,132.0,138.0,144.0,132.0,138.0,140.0,150.0,148.0,138.0,140.0,158.0,156.0,152.0,152.0,156.0,134.0,148.0,168.0,150.0,156.0,154.0,160.0,128.0,154.0,150.0,130.0,152.0,142.0,134.0,134.0,132.0,134.0,136.0,150.0,124.0,134.0,138.0,132.0,152.0,150.0,144.0,146.0,148.0,132.0,138.0,132.0,158.0,162.0,154.0,168.0,134.0,136.0,152.0,144.0,146.0,152.0,150.0,148.0,136.0,144.0,146.0,160.0,160.0,166.0,140.0,142.0,156.0,158.0,148.0,146.0,148.0,146.0,154.0,146.0,146.0,160.0,142.0,156.0,164.0,146.0,158.0,140.0,154.0,146.0,146.0,144.0,148.0,156.0,144.0,136.0,146.0,138.0,156.0,134.0,164.0,142.0,150.0,144.0,144.0,142.0,146.0,152.0,148.0,152.0,136.0,166.0,134.0,140.0,170.0,152.0,146.0,158.0,144.0,132.0,158.0,154.0,152.0,136.0,144.0,164.0,168.0,140.0,146.0,148.0,146.0,136.0,150.0,170.0,146.0,152.0,142.0,154.0,146.0,152.0,128.0,146.0,160.0,142.0,136.0,156.0,154.0,160.0,148.0,136.0,164.0,134.0,152.0,160.0,134.0,160.0,150.0,140.0,154.0,128.0,138.0,168.0,148.0,164.0,146.0,138.0,152.0,164.0,146.0,154.0,136.0,142.0,144.0,142.0,166.0,146.0,146.0,142.0,166.0,148.0,160.0,158.0,162.0,152.0,148.0,146.0,144.0,152.0,150.0,154.0,166.0,148.0,164.0,148.0,160.0,140.0,160.0,150.0,162.0,158.0,150.0,152.0,158.0,152.0,154.0,158.0,154.0,160.0,154.0,134.0,158.0,144.0,174.0,156.0,150.0,156.0,152.0,144.0,132.0,152.0,134.0,154.0,162.0,148.0,150.0,156.0,154.0,160.0,156.0,162.0,160.0
17.03562,0.0,130.0,134.0,134.0,120.0,134.0,122.0,140.0,140.0,130.0,124.0,142.0,146.0,132.0,142.0,146.0,136.0,150.0,150.0,150.0,156.0,146.0,140.0,146.0,156.0,156.0,148.0,152.0,156.0,164.0,146.0,138.0,156.0,154.0,156.0,126.0,152.0,148.0,148.0,144.0,154.0,136.0,156.0,158.0,158.0,154.0,162.0,160.0,154.0,132.0,137.0,142.0,140.0,150.0,146.0,152.0,146.0,148.0,170.0,144.0,162.0,152.0,150.0,158.0,170.0,146.0,152.0,158.0,136.0,162.0,160.0,140.0,170.0,142.0,168.0,170.0,186.0,166.0,160.0,170.0,174.0,166.0,158.0,174.0,150.0,152.0,170.0,186.0,168.0,164.0,162.0,178.0,172.0,164.0,162.0,180.0,164.0,156.0,170.0,158.0,164.0,152.0,166.0,168.0,162.0,150.0,150.0,148.0,142.0,152.0,142.0,140.0,152.0,144.0,152.0,152.0,158.0,152.0,164.0,148.0,156.0,160.0,154.0,170.0,162.0,160.0,154.0,156.0,156.0,154.0,158.0,154.0,160.0,180.0,166.0,170.0,180.0,166.0,164.0,170.0,172.0,168.0,158.0,156.0,156.0,148.0,154.0,164.0,154.0,154.0,154.0,154.0,152.0,160.0,158.0,158.0,168.0,160.0,150.0,156.0,154.0,160.0,164.0,152.0,156.0,134.0,158.0,154.0,150.0,150.0,162.0,162.0,160.0,154.0,154.0,150.0,160.0,154.0,150.0,154.0,162.0,166.0,170.0,172.0,166.0,176.0,184.0,178.0,184.0,188.0,174.0,174.0,198.0,178.0,164.0,166.0,182.0,164.0,168.0,162.0,152.0,148.0,148.0,144.0,148.0,166.0,160.0,158.0,166.0,168.0,158.0,146.0,158.0,152.0,178.0,170.0,152.0,172.0,164.0,150.0,160.0,142.0,156.0,160.0,168.0,164.0,164.0,140.0,156.0,154.0,166.0,150.0,152.0,160.0,144.0,146.0,156.0,146.0,146.0,158.0,152.0,152.0,158.0,176.0,170.0,184.0,162.0,162.0,154.0,178.0,170.0,164.0,152.0,166.0,166.0,170.0,150.0,164.0,160.0,154.0,184.0,150.0,160.0,168.0,176.0,174.0,164.0,160.0,164.0,166.0,160.0,176.0,160.0,164.0,174.0,166.0,172.0,176.0,164.0,174.0,180.0,178.0,162.0,160.0,172.0,166.0,180.0,164.0,164.0,150.0,186.0,184.0,188.0,168.0,192.0,186.0,188.0,168.0,168.0,178.0,210.0,204.0,208.0,210.0,220.0,230.0,220.0,224.0,212.0,192.0,186.0,192.0,204.0,184.0,192.0,188.0,188.0,188.0,184.0,178.0,170.0,178.0,178.0,172.0,180.0,174.0,172.0,170.0,174.0,178.0,176.0,170.0,184.0,172.0,192.0,170.0,168.0,164.0,194.0,162.0,178.0,184.0,178.0,194.0,172.0,166.0,184.0,178.0,194.0,188.0,176.0,176.0,164.0,180.0,184.0,168.0,170.0,174.0,176.0,180.0,180.0,182.0,176.0,172.0,196.0,190.0,176.0,170.0,186.0,196.0,186.0,170.0,158.0,186.0,176.0,180.0,194.0,186.0,196.0,192.0,194.0,200.0,190.0,190.0,188.0,186.0,188.0,196.0,176.0,202.0,180.0,178.0,168.0,182.0,190.0,186.0,188.0,198.0,194.0,186.0,196.0,188.0,186.0,186.0,188.0,184.0,176.0,186.0,186.0,198.0,202.0,194.0,190.0,190.0,190.0,206.0,178.0,194.0,196.0,208.0,188.0,190.0,216.0,198.0,196.0,192.0,204.0,202.0,204.0,206.0,184.0,188.0,184.0,190.0,194.0,196.0,194.0,198.0,192.0,198.0,196.0,204.0,198.0,194.0,182.0,202.0,210.0,174.0,198.0,198.0,188.0,190.0,200.0,180.0,184.0,200.0,210.0,198.0,216.0,192.0,190.0,212.0,204.0,214.0,194.0,202.0,206.0,200.0,212.0,204.0,200.0,204.0,204.0,192.0,212.0,194.0,200.0,202.0,206.0,196.0,184.0,208.0,206.0,186.0,214.0,204.0,206.0,204.0,194.0,200.0,190.0,182.0,204.0,210.0,194.0,198.0,202.0,194.0,210.0,206.0,204.0,206.0,212.0,196.0,180.0,210.0,202.0,226.0,214.0,182.0,202.0,208.0,190.0,208.0,216.0,184.0,206.0,206.0,224.0,198.0,214.0,198.0,218.0,218.0,214.0,210.0,202.0,210.0,226.0,210.0,198.0,216.0,216.0,210.0,224.0,198.0,204.0,210.0,210.0,220.0,194.0,216.0,220.0,198.0,214.0,210.0,214.0,196.0,212.0,206.0,198.0,210.0,196.0,216.0,214.0,206.0,206.0,208.0,208.0,208.0,220.0,202.0,214.0,208.0,212.0,222.0,206.0,222.0,208.0,200.0,228.0,216.0,210.0,208.0,216.0,202.0,206.0,196.0,222.0,202.0,216.0,208.0,204.0,210.0,220.0,200.0,220.0,216.0,210.0,224.0,196.0,198.0,214.0,204.0,196.0,204.0,206.0,204.0,196.0,180.0,218.0,200.0,214.0,214.0,214.0,204.0,216.0,226.0,206.0,206.0,222.0,218.0,220.0,224.0,210.0,210.0,202.0,224.0,212.0,216.0,212.0,210.0,208.0,198.0,204.0,226.0,198.0,208.0,206.0,228.0,202.0,232.0,228.0,232.0,222.0,196.0,226.0,226.0,230.0,224.0,234.0,228.0,224.0,226.0,228.0,220.0,200.0,226.0,220.0,214.0,228.0,220.0,214.0,214.0,212.0,236.0,208.0,228.0,206.0,232.0,212.0,244.0,206.0,228.0,206.0,234.0,214.0,210.0,224.0,218.0,214.0,216.0,208.0,218.0,224.0,230.0,234.0,234.0,222.0,216.0,234.0,220.0
17.03562,1.5599100000000004,166.0,166.0,150.0,152.0,156.0,144.0,154.0,158.0,158.0,138.0,162.0,158.0,154.0,164.0,176.0,154.0,170.0,164.0,168.0,180.0,178.0,186.0,164.0,184.0,184.0,180.0,182.0,184.0,184.0,186.0,188.0,182.0,172.0,198.0,186.0,172.0,170.0,170.0,172.0,158.0,172.0,174.0,162.0,164.0,166.0,174.0,150.0,160.0,176.0,175.0,174.0,160.0,166.0,174.0,196.0,184.0,184.0,184.0,176.0,184.0,188.0,184.0,194.0,178.0,188.0,174.0,168.0,176.0,154.0,162.0,180.0,178.0,178.0,178.0,170.0,172.0,188.0,176.0,166.0,176.0,178.0,166.0,186.0,178.0,178.0,188.0,188.0,186.0,170.0,194.0,182.0,184.0,174.0,156.0,180.0,164.0,168.0,178.0,170.0,168.0,190.0,190.0,170.0,158.0,158.0,170.0,180.0,164.0,170.0,170.0,160.0,176.0,154.0,168.0,174.0,174.0,176.0,150.0,178.0,194.0,184.0,174.0,186.0,178.0,166.0,182.0,206.0,184.0,198.0,206.0,202.0,224.0,200.0,226.0,230.0,228.0,186.0,204.0,200.0,180.0,174.0,182.0,180.0,178.0,168.0,174.0,178.0,170.0,174.0,168.0,172.0,182.0,190.0,176.0,170.0,174.0,192.0,172.0,182.0,166.0,168.0,184.0,170.0,180.0,162.0,172.0,162.0,162.0,164.0,174.0,184.0,176.0,194.0,174.0,178.0,194.0,164.0,178.0,182.0,172.0,196.0,184.0,168.0,166.0,182.0,176.0,188.0,196.0,182.0,180.0,174.0,182.0,186.0,188.0,156.0,176.0,182.0,174.0,184.0,192.0,184.0,182.0,178.0,176.0,170.0,190.0,190.0,176.0,166.0,190.0,166.0,176.0,176.0,180.0,178.0,176.0,184.0,182.0,188.0,188.0,164.0,184.0,186.0,204.0,188.0,188.0,188.0,192.0,186.0,188.0,190.0,180.0,184.0,196.0,162.0,174.0,196.0,180.0,186.0,190.0,186.0,178.0,194.0,174.0,192.0,162.0,176.0,190.0,190.0,178.0,180.0,178.0,186.0,210.0,194.0,178.0,198.0,190.0,194.0,182.0,202.0,180.0,194.0,180.0,174.0,188.0,176.0,190.0,204.0,202.0,182.0,192.0,184.0,202.0,198.0,202.0,194.0,184.0,196.0,194.0,204.0,196.0,198.0,206.0,178.0,198.0,196.0,196.0,196.0,190.0,214.0,196.0,186.0,194.0,190.0,202.0,206.0,188.0,182.0,202.0,200.0,206.0,206.0,208.0,212.0,208.0,202.0,194.0,210.0,200.0,202.0,214.0,202.0,210.0,222.0,222.0,222.0,202.0,198.0,222.0,222.0,206.0,202.0,186.0,224.0,218.0,208.0,194.0,204.0,202.0,204.0,208.0,214.0,202.0,208.0,200.0,212.0,194.0,204.0,214.0,210.0,216.0,218.0,194.0,220.0,210.0,216.0,220.0,232.0,212.0,198.0,222.0,218.0,208.0,202.0,218.0,206.0,216.0,188.0,214.0,222.0,218.0,198.0,214.0,222.0,212.0,226.0,218.0,212.0,220.0,222.0,228.0,210.0,226.0,210.0,222.0,210.0,216.0,234.0,220.0,212.0,236.0,216.0,206.0,224.0,220.0,224.0,218.0,208.0,228.0,222.0,234.0,212.0,212.0,226.0,218.0,212.0,222.0,216.0,230.0,198.0,224.0,232.0,228.0,214.0,230.0,218.0,228.0,220.0,230.0,232.0,240.0,204.0,230.0,226.0,226.0,242.0,224.0,226.0,224.0,238.0,226.0,220.0,226.0,240.0,228.0,228.0,226.0,242.0,236.0,220.0,236.0,222.0,230.0,222.0,232.0,244.0,226.0,230.0,220.0,222.0,212.0,236.0,216.0,218.0,226.0,238.0,226.0,234.0,216.0,206.0,222.0,206.0,222.0,222.0,230.0,230.0,218.0,238.0,214.0,238.0,232.0,218.0,244.0,244.0,240.0,242.0,234.0,246.0,236.0,238.0,222.0,250.0,232.0,222.0,230.0,260.0,244.0,230.0,248.0,230.0,234.0,242.0,238.0,224.0,236.0,240.0,256.0,218.0,234.0,238.0,224.0,238.0,244.0,232.0,240.0,242.0,248.0,226.0,236.0,244.0,224.0,238.0,238.0,230.0,226.0,252.0,256.0,232.0,246.0,232.0,244.0,246.0,264.0,252.0,240.0,232.0,248.0,232.0,250.0,250.0,234.0,236.0,254.0,232.0,236.0,236.0,254.0,234.0,254.0,258.0,248.0,252.0,236.0,232.0,256.0,248.0,238.0,234.0,256.0,250.0,238.0,242.0,254.0,242.0,252.0,254.0,242.0,252.0,248.0,238.0,232.0,242.0,246.0,250.0,226.0,240.0,252.0,260.0,236.0,242.0,236.0,266.0,270.0,258.0,246.0,256.0,252.0,266.0,232.0,254.0,260.0,248.0,242.0,236.0,262.0,252.0,234.0,258.0,244.0,242.0,238.0,236.0,240.0,244.0,252.0,252.0,250.0,236.0,254.0,230.0,264.0,256.0,248.0,236.0,242.0,226.0,240.0,268.0,254.0,244.0,234.0,246.0,268.0,248.0,240.0,264.0,264.0,252.0,256.0,258.0,244.0,254.0,250.0,244.0,266.0,238.0,276.0,238.0,256.0,228.0,238.0,252.0,242.0,250.0,248.0,258.0,262.0,220.0,266.0,234.0,240.0,252.0,266.0,268.0,254.0,254.0,254.0,254.0,248.0,266.0,254.0,270.0,256.0,280.0,250.0,256.0,272.0,278.0,248.0,262.0,258.0,250.0,250.0,252.0,252.0,260.0,272.0,262.0,262.0,240.0,236.0,256.0,258.0,242.0,236.0,268.0,260.0,258.0,234.0,258.0,262.0,262.0,266.0,256.0,264.0,274.0,260.0,268.0,256.0,268.0
17.03562,3.11981,160.0,158.0,158.0,152.0,160.0,170.0,170.0,160.0,154.0,142.0,162.0,162.0,158.0,158.0,178.0,162.0,152.0,176.0,186.0,186.0,174.0,170.0,178.0,198.0,202.0,194.0,204.0,194.0,204.0,192.0,196.0,192.0,208.0,196.0,198.0,190.0,186.0,192.0,172.0,182.0,164.0,170.0,168.0,182.0,184.0,176.0,174.0,180.0,188.0,195.0,200.0,200.0,176.0,194.0,190.0,196.0,190.0,200.0,198.0,190.0,204.0,204.0,194.0,192.0,190.0,192.0,182.0,170.0,182.0,188.0,178.0,168.0,190.0,170.0,176.0,170.0,166.0,180.0,184.0,180.0,178.0,182.0,172.0,198.0,200.0,192.0,188.0,194.0,172.0,174.0,186.0,182.0,194.0,184.0,176.0,176.0,168.0,162.0,192.0,182.0,190.0,170.0,182.0,182.0,176.0,180.0,182.0,174.0,170.0,172.0,194.0,168.0,182.0,180.0,180.0,194.0,182.0,170.0,184.0,174.0,180.0,206.0,188.0,198.0,212.0,198.0,216.0,208.0,204.0,214.0,228.0,238.0,238.0,256.0,260.0,224.0,230.0,202.0,206.0,192.0,200.0,186.0,194.0,190.0,186.0,176.0,186.0,194.0,188.0,178.0,176.0,192.0,184.0,204.0,180.0,178.0,188.0,188.0,184.0,196.0,184.0,194.0,190.0,192.0,198.0,182.0,176.0,194.0,182.0,190.0,184.0,178.0,188.0,186.0,196.0,192.0,186.0,190.0,194.0,190.0,192.0,186.0,194.0,198.0,192.0,198.0,194.0,200.0,184.0,184.0,180.0,184.0,190.0,180.0,186.0,188.0,200.0,186.0,186.0,182.0,184.0,182.0,186.0,188.0,194.0,204.0,192.0,198.0,192.0,192.0,196.0,196.0,192.0,196.0,206.0,210.0,196.0,208.0,208.0,218.0,192.0,194.0,190.0,202.0,206.0,192.0,206.0,210.0,162.0,204.0,186.0,204.0,204.0,186.0,204.0,186.0,184.0,214.0,202.0,208.0,194.0,194.0,204.0,204.0,202.0,190.0,192.0,200.0,194.0,184.0,182.0,212.0,204.0,220.0,200.0,198.0,190.0,204.0,194.0,208.0,218.0,214.0,188.0,190.0,212.0,208.0,206.0,202.0,186.0,208.0,210.0,202.0,196.0,206.0,212.0,208.0,206.0,208.0,206.0,194.0,204.0,208.0,212.0,188.0,208.0,206.0,212.0,222.0,208.0,204.0,206.0,202.0,206.0,230.0,220.0,196.0,228.0,236.0,226.0,218.0,218.0,216.0,224.0,226.0,238.0,222.0,228.0,232.0,232.0,222.0,234.0,212.0,230.0,226.0,220.0,225.0,230.0,214.0,210.0,228.0,226.0,222.0,216.0,240.0,220.0,232.0,228.0,210.0,216.0,242.0,220.0,232.0,226.0,226.0,222.0,242.0,236.0,236.0,218.0,226.0,244.0,210.0,218.0,232.0,232.0,202.0,218.0,244.0,216.0,222.0,236.0,212.0,232.0,222.0,256.0,232.0,244.0,232.0,226.0,242.0,238.0,224.0,234.0,222.0,234.0,238.0,212.0,240.0,260.0,208.0,236.0,236.0,234.0,224.0,250.0,254.0,220.0,220.0,232.0,222.0,254.0,228.0,248.0,234.0,244.0,244.0,242.0,238.0,246.0,236.0,222.0,246.0,244.0,222.0,224.0,230.0,242.0,224.0,228.0,230.0,238.0,234.0,232.0,234.0,234.0,246.0,254.0,248.0,246.0,224.0,234.0,250.0,244.0,246.0,238.0,240.0,236.0,242.0,244.0,268.0,248.0,244.0,234.0,232.0,242.0,236.0,260.0,232.0,244.0,240.0,244.0,264.0,238.0,240.0,228.0,236.0,258.0,240.0,238.0,244.0,248.0,258.0,254.0,248.0,252.0,230.0,250.0,262.0,254.0,254.0,256.0,246.0,238.0,248.0,258.0,262.0,250.0,248.0,246.0,248.0,258.0,250.0,240.0,252.0,282.0,244.0,262.0,278.0,262.0,242.0,258.0,236.0,254.0,254.0,260.0,256.0,242.0,248.0,226.0,260.0,262.0,244.0,250.0,268.0,260.0,260.0,254.0,262.0,244.0,252.0,250.0,262.0,258.0,252.0,264.0,262.0,268.0,266.0,250.0,250.0,272.0,266.0,244.0,270.0,254.0,248.0,262.0,260.0,256.0,268.0,254.0,256.0,256.0,264.0,282.0,262.0,262.0,256.0,258.0,266.0,266.0,290.0,286.0,272.0,264.0,276.0,252.0,254.0,274.0,246.0,282.0,256.0,268.0,268.0,266.0,264.0,274.0,272.0,262.0,264.0,272.0,258.0,268.0,252.0,260.0,278.0,286.0,260.0,270.0,264.0,274.0,264.0,254.0,286.0,260.0,246.0,248.0,262.0,264.0,266.0,276.0,258.0,270.0,272.0,264.0,258.0,242.0,278.0,266.0,240.0,272.0,266.0,246.0,272.0,258.0,236.0,272.0,272.0,252.0,270.0,276.0,284.0,254.0,284.0,264.0,280.0,284.0,274.0,260.0,284.0,268.0,252.0,260.0,278.0,278.0,256.0,266.0,260.0,274.0,280.0,270.0,274.0,254.0,282.0,254.0,242.0,262.0,268.0,266.0,264.0,266.0,278.0,276.0,252.0,278.0,268.0,276.0,250.0,280.0,262.0,264.0,264.0,270.0,266.0,288.0,278.0,276.0,260.0,270.0,256.0,278.0,274.0,258.0,274.0,254.0,272.0,258.0,264.0,262.0,284.0,262.0,272.0,290.0,296.0,262.0,254.0,262.0,264.0,268.0,272.0,272.0,272.0,258.0,268.0,262.0,270.0,280.0,278.0,282.0,274.0,258.0,272.0,264.0,280.0,270.0,280.0,282.0,272.0,284.0,276.0,276.0,260.0,288.0,280.0,292.0,268.0,280.0,264.0,280.0,280.0,274.0
17.03562,4.6797200000000005,208.0,198.0,186.0,194.0,192.0,192.0,186.0,196.0,182.0,194.0,190.0,166.0,168.0,176.0,186.0,188.0,212.0,186.0,190.0,196.0,188.0,198.0,198.0,210.0,210.0,200.0,214.0,210.0,192.0,204.0,216.0,186.0,192.0,206.0,182.0,190.0,176.0,180.0,180.0,176.0,174.0,180.0,170.0,162.0,176.0,190.0,176.0,180.0,194.0,194.0,194.0,190.0,184.0,190.0,184.0,204.0,198.0,216.0,182.0,208.0,206.0,186.0,192.0,204.0,200.0,182.0,194.0,186.0,174.0,200.0,172.0,178.0,180.0,186.0,186.0,196.0,184.0,178.0,204.0,192.0,190.0,198.0,200.0,178.0,182.0,188.0,174.0,190.0,190.0,190.0,178.0,186.0,202.0,176.0,192.0,174.0,166.0,186.0,178.0,172.0,190.0,196.0,198.0,156.0,178.0,194.0,180.0,166.0,194.0,160.0,184.0,190.0,172.0,190.0,176.0,196.0,196.0,192.0,184.0,194.0,178.0,202.0,184.0,218.0,202.0,212.0,184.0,190.0,196.0,212.0,210.0,220.0,254.0,244.0,210.0,242.0,210.0,208.0,210.0,196.0,180.0,184.0,184.0,180.0,180.0,182.0,194.0,180.0,188.0,176.0,188.0,182.0,192.0,182.0,176.0,180.0,180.0,192.0,176.0,166.0,206.0,176.0,172.0,194.0,168.0,172.0,172.0,196.0,182.0,162.0,178.0,180.0,180.0,184.0,184.0,178.0,170.0,190.0,168.0,178.0,186.0,182.0,184.0,170.0,180.0,182.0,174.0,188.0,190.0,182.0,190.0,186.0,196.0,186.0,200.0,172.0,178.0,184.0,188.0,192.0,172.0,172.0,174.0,170.0,186.0,184.0,182.0,172.0,176.0,196.0,190.0,166.0,182.0,178.0,166.0,188.0,198.0,176.0,190.0,170.0,186.0,188.0,186.0,190.0,192.0,202.0,196.0,198.0,186.0,194.0,188.0,180.0,206.0,186.0,196.0,196.0,182.0,194.0,182.0,190.0,176.0,202.0,198.0,202.0,180.0,198.0,196.0,200.0,198.0,166.0,192.0,198.0,190.0,202.0,200.0,194.0,194.0,196.0,190.0,192.0,196.0,196.0,202.0,204.0,204.0,190.0,212.0,176.0,190.0,188.0,184.0,188.0,190.0,212.0,192.0,186.0,208.0,212.0,214.0,192.0,200.0,212.0,208.0,216.0,202.0,194.0,196.0,204.0,208.0,210.0,202.0,204.0,210.0,212.0,192.0,228.0,214.0,208.0,204.0,214.0,220.0,220.0,212.0,224.0,214.0,190.0,200.0,210.0,200.0,196.0,204.0,206.0,184.0,228.0,220.0,209.0,198.0,204.0,220.0,222.0,194.0,196.0,198.0,230.0,210.0,216.0,228.0,216.0,216.0,198.0,224.0,218.0,208.0,218.0,206.0,230.0,226.0,208.0,210.0,198.0,200.0,208.0,204.0,204.0,200.0,210.0,200.0,226.0,218.0,222.0,222.0,210.0,222.0,216.0,214.0,212.0,210.0,214.0,228.0,212.0,234.0,218.0,226.0,208.0,222.0,234.0,228.0,230.0,216.0,242.0,212.0,204.0,222.0,228.0,214.0,244.0,228.0,236.0,250.0,224.0,228.0,218.0,230.0,210.0,220.0,254.0,226.0,222.0,226.0,220.0,226.0,230.0,218.0,204.0,242.0,228.0,232.0,228.0,222.0,222.0,208.0,218.0,236.0,220.0,226.0,236.0,226.0,234.0,228.0,230.0,232.0,220.0,228.0,244.0,220.0,252.0,234.0,228.0,228.0,236.0,222.0,224.0,220.0,230.0,218.0,230.0,230.0,254.0,244.0,232.0,226.0,260.0,232.0,222.0,254.0,232.0,240.0,226.0,240.0,220.0,228.0,240.0,228.0,238.0,234.0,232.0,248.0,226.0,232.0,234.0,230.0,232.0,234.0,232.0,238.0,234.0,240.0,220.0,236.0,220.0,230.0,216.0,228.0,246.0,230.0,248.0,256.0,238.0,240.0,248.0,230.0,218.0,244.0,258.0,226.0,230.0,256.0,248.0,246.0,248.0,236.0,252.0,258.0,224.0,246.0,250.0,238.0,230.0,250.0,240.0,244.0,250.0,218.0,250.0,226.0,236.0,238.0,238.0,252.0,242.0,246.0,250.0,250.0,236.0,238.0,234.0,252.0,242.0,238.0,240.0,226.0,246.0,248.0,236.0,256.0,258.0,246.0,246.0,254.0,252.0,248.0,252.0,232.0,252.0,250.0,254.0,258.0,256.0,258.0,252.0,276.0,248.0,262.0,236.0,248.0,260.0,240.0,232.0,254.0,252.0,224.0,242.0,264.0,258.0,240.0,228.0,246.0,250.0,240.0,232.0,252.0,256.0,234.0,244.0,250.0,234.0,252.0,262.0,254.0,248.0,260.0,236.0,236.0,246.0,264.0,248.0,240.0,254.0,250.0,240.0,256.0,252.0,260.0,274.0,254.0,258.0,252.0,266.0,242.0,234.0,246.0,246.0,250.0,236.0,252.0,248.0,252.0,252.0,256.0,254.0,244.0,222.0,238.0,244.0,238.0,270.0,250.0,236.0,258.0,260.0,276.0,242.0,246.0,246.0,244.0,242.0,246.0,250.0,252.0,268.0,250.0,272.0,242.0,236.0,254.0,246.0,252.0,266.0,250.0,254.0,244.0,258.0,256.0,280.0,244.0,248.0,244.0,234.0,240.0,250.0,250.0,258.0,250.0,262.0,252.0,260.0,248.0,262.0,252.0,258.0,260.0,252.0,274.0,276.0,280.0,276.0,244.0,260.0,254.0,280.0,276.0,268.0,272.0,266.0,274.0,254.0,250.0,264.0,240.0,258.0,250.0,254.0,252.0,252.0,270.0,266.0,282.0,282.0,242.0,266.0,272.0,262.0,254.0,256.0,276.0,266.0,268.0,262.0,256.0,246.0,244.0
17.03562,6.23962,156.0,142.0,140.0,146.0,148.0,138.0,150.0,146.0,148.0,160.0,134.0,152.0,154.0,148.0,134.0,152.0,152.0,170.0,156.0,144.0,162.0,170.0,158.0,162.0,178.0,156.0,164.0,162.0,174.0,162.0,170.0,168.0,168.0,154.0,154.0,170.0,148.0,152.0,162.0,148.0,162.0,162.0,146.0,148.0,170.0,162.0,152.0,156.0,164.0,165.0,166.0,146.0,164.0,176.0,160.0,164.0,162.0,158.0,174.0,192.0,182.0,182.0,162.0,158.0,160.0,172.0,170.0,152.0,140.0,154.0,142.0,174.0,166.0,150.0,146.0,160.0,156.0,148.0,176.0,168.0,164.0,162.0,152.0,158.0,162.0,156.0,172.0,174.0,160.0,166.0,156.0,152.0,158.0,162.0,162.0,162.0,152.0,148.0,162.0,174.0,148.0,160.0,166.0,164.0,140.0,152.0,160.0,154.0,148.0,162.0,168.0,168.0,154.0,166.0,154.0,154.0,160.0,146.0,172.0,138.0,188.0,166.0,176.0,180.0,188.0,178.0,180.0,180.0,180.0,180.0,166.0,186.0,200.0,198.0,214.0,198.0,184.0,178.0,164.0,170.0,160.0,174.0,164.0,160.0,154.0,150.0,160.0,160.0,158.0,162.0,162.0,166.0,174.0,168.0,170.0,172.0,170.0,166.0,174.0,164.0,178.0,164.0,158.0,160.0,168.0,152.0,164.0,166.0,166.0,148.0,162.0,164.0,158.0,158.0,164.0,160.0,162.0,152.0,164.0,162.0,152.0,158.0,166.0,176.0,168.0,164.0,172.0,172.0,172.0,166.0,164.0,166.0,162.0,158.0,164.0,164.0,156.0,146.0,162.0,156.0,158.0,162.0,162.0,164.0,170.0,162.0,160.0,170.0,178.0,176.0,164.0,158.0,164.0,154.0,172.0,158.0,192.0,166.0,164.0,154.0,166.0,168.0,174.0,178.0,168.0,152.0,186.0,182.0,154.0,172.0,174.0,178.0,178.0,180.0,176.0,164.0,156.0,176.0,178.0,166.0,174.0,164.0,180.0,172.0,192.0,170.0,170.0,160.0,178.0,180.0,178.0,186.0,182.0,164.0,168.0,170.0,198.0,172.0,168.0,182.0,182.0,180.0,180.0,168.0,186.0,162.0,176.0,172.0,184.0,186.0,184.0,180.0,174.0,174.0,174.0,176.0,172.0,178.0,190.0,192.0,182.0,166.0,180.0,172.0,198.0,184.0,170.0,184.0,178.0,176.0,188.0,192.0,180.0,198.0,190.0,204.0,202.0,170.0,194.0,186.0,184.0,190.0,200.0,196.0,196.0,198.0,208.0,184.0,198.0,194.0,194.0,200.0,194.0,196.0,196.0,195.0,194.0,188.0,192.0,186.0,202.0,188.0,190.0,198.0,190.0,196.0,210.0,176.0,186.0,186.0,206.0,172.0,182.0,190.0,190.0,184.0,190.0,198.0,186.0,192.0,192.0,190.0,188.0,198.0,226.0,208.0,214.0,198.0,194.0,212.0,194.0,208.0,208.0,212.0,202.0,206.0,208.0,206.0,208.0,192.0,186.0,206.0,208.0,200.0,188.0,200.0,212.0,208.0,202.0,206.0,206.0,196.0,196.0,204.0,188.0,216.0,200.0,212.0,212.0,204.0,192.0,226.0,206.0,202.0,206.0,202.0,208.0,196.0,194.0,208.0,200.0,210.0,206.0,218.0,212.0,206.0,210.0,192.0,210.0,212.0,190.0,216.0,222.0,206.0,196.0,204.0,216.0,212.0,202.0,218.0,200.0,206.0,218.0,202.0,220.0,218.0,204.0,210.0,206.0,200.0,214.0,230.0,226.0,216.0,200.0,212.0,214.0,216.0,208.0,218.0,214.0,204.0,208.0,218.0,208.0,208.0,214.0,198.0,226.0,232.0,204.0,220.0,208.0,220.0,196.0,188.0,198.0,200.0,204.0,208.0,204.0,220.0,218.0,208.0,212.0,226.0,236.0,224.0,190.0,218.0,232.0,224.0,226.0,204.0,228.0,226.0,228.0,224.0,232.0,230.0,212.0,228.0,232.0,234.0,216.0,222.0,204.0,210.0,228.0,212.0,232.0,208.0,212.0,230.0,230.0,218.0,218.0,208.0,212.0,230.0,222.0,206.0,244.0,222.0,242.0,210.0,218.0,236.0,218.0,206.0,228.0,224.0,242.0,212.0,228.0,218.0,214.0,224.0,226.0,234.0,242.0,220.0,232.0,236.0,212.0,236.0,208.0,214.0,226.0,248.0,212.0,232.0,226.0,230.0,220.0,240.0,236.0,248.0,242.0,226.0,248.0,226.0,246.0,244.0,236.0,226.0,228.0,222.0,220.0,224.0,226.0,214.0,228.0,220.0,222.0,252.0,238.0,216.0,226.0,220.0,224.0,214.0,232.0,228.0,234.0,246.0,224.0,220.0,218.0,232.0,234.0,216.0,222.0,226.0,230.0,230.0,230.0,242.0,240.0,258.0,248.0,226.0,232.0,242.0,232.0,224.0,228.0,236.0,220.0,226.0,226.0,226.0,244.0,236.0,224.0,236.0,236.0,254.0,238.0,234.0,240.0,214.0,228.0,224.0,250.0,220.0,230.0,242.0,228.0,244.0,238.0,262.0,240.0,230.0,228.0,266.0,228.0,228.0,242.0,232.0,240.0,248.0,232.0,246.0,226.0,228.0,244.0,232.0,228.0,246.0,220.0,246.0,230.0,238.0,238.0,246.0,242.0,232.0,244.0,240.0,232.0,240.0,248.0,232.0,246.0,238.0,234.0,246.0,252.0,234.0,246.0,254.0,240.0,244.0,238.0,256.0,244.0,240.0,250.0,230.0,232.0,244.0,270.0,238.0,226.0,240.0,244.0,242.0,224.0,216.0,236.0,256.0,248.0,248.0,244.0,244.0,238.0,228.0,234.0,234.0,242.0,270.0,248.0,242.0,234.0,238.0,250.0,244.0,252.0,240.0,232.0
17.03562,7.799523000000001,116.0,116.0,114.0,116.0,118.0,116.0,124.0,108.0,114.0,114.0,98.0,102.0,114.0,126.0,116.0,124.0,124.0,126.0,142.0,134.0,128.0,132.0,138.0,134.0,138.0,148.0,138.0,144.0,146.0,136.0,140.0,146.0,142.0,140.0,140.0,140.0,138.0,128.0,128.0,124.0,128.0,124.0,124.0,124.0,130.0,130.0,128.0,124.0,122.0,116.0,110.0,138.0,136.0,138.0,136.0,140.0,146.0,154.0,142.0,162.0,146.0,144.0,136.0,146.0,150.0,132.0,140.0,124.0,124.0,118.0,130.0,136.0,140.0,132.0,122.0,134.0,126.0,116.0,130.0,134.0,128.0,138.0,134.0,134.0,138.0,128.0,142.0,124.0,132.0,130.0,140.0,128.0,114.0,128.0,128.0,124.0,116.0,132.0,122.0,128.0,128.0,128.0,122.0,120.0,124.0,136.0,104.0,114.0,122.0,124.0,120.0,132.0,106.0,134.0,134.0,112.0,130.0,132.0,114.0,130.0,124.0,120.0,128.0,148.0,152.0,140.0,150.0,150.0,156.0,166.0,154.0,154.0,164.0,188.0,186.0,158.0,166.0,156.0,142.0,128.0,136.0,130.0,122.0,134.0,130.0,118.0,122.0,126.0,132.0,120.0,132.0,146.0,134.0,136.0,130.0,130.0,120.0,128.0,116.0,120.0,124.0,114.0,126.0,130.0,118.0,126.0,130.0,124.0,138.0,140.0,120.0,124.0,126.0,128.0,128.0,124.0,128.0,124.0,126.0,128.0,138.0,112.0,138.0,124.0,138.0,146.0,138.0,136.0,122.0,134.0,126.0,140.0,126.0,142.0,130.0,134.0,120.0,126.0,138.0,130.0,122.0,132.0,132.0,140.0,146.0,130.0,138.0,138.0,120.0,126.0,136.0,126.0,140.0,136.0,122.0,134.0,138.0,144.0,130.0,150.0,136.0,136.0,144.0,134.0,144.0,136.0,152.0,140.0,134.0,140.0,122.0,138.0,152.0,144.0,132.0,144.0,138.0,134.0,130.0,142.0,132.0,144.0,148.0,134.0,140.0,128.0,146.0,126.0,140.0,150.0,134.0,144.0,142.0,142.0,142.0,138.0,140.0,144.0,150.0,134.0,148.0,150.0,138.0,140.0,154.0,126.0,140.0,146.0,136.0,136.0,134.0,150.0,148.0,146.0,148.0,152.0,140.0,134.0,142.0,156.0,146.0,146.0,144.0,152.0,146.0,152.0,148.0,152.0,154.0,160.0,146.0,144.0,146.0,148.0,154.0,150.0,154.0,156.0,154.0,152.0,156.0,152.0,142.0,156.0,156.0,150.0,170.0,150.0,142.0,160.0,154.0,154.0,154.0,150.0,172.0,165.0,158.0,158.0,156.0,158.0,170.0,148.0,160.0,158.0,154.0,154.0,162.0,158.0,146.0,150.0,152.0,152.0,158.0,160.0,148.0,144.0,164.0,166.0,156.0,154.0,152.0,152.0,142.0,162.0,148.0,164.0,162.0,150.0,150.0,166.0,160.0,156.0,156.0,166.0,162.0,160.0,154.0,160.0,162.0,172.0,164.0,178.0,156.0,164.0,160.0,152.0,160.0,148.0,162.0,160.0,156.0,170.0,166.0,158.0,162.0,158.0,170.0,162.0,154.0,160.0,154.0,170.0,140.0,154.0,162.0,166.0,176.0,170.0,162.0,158.0,178.0,152.0,174.0,156.0,148.0,158.0,162.0,160.0,162.0,164.0,178.0,146.0,162.0,160.0,164.0,162.0,158.0,154.0,164.0,170.0,176.0,166.0,166.0,178.0,172.0,158.0,162.0,168.0,160.0,170.0,172.0,168.0,186.0,170.0,154.0,168.0,158.0,174.0,170.0,170.0,174.0,164.0,166.0,166.0,160.0,170.0,176.0,164.0,186.0,160.0,172.0,164.0,174.0,166.0,156.0,174.0,166.0,166.0,170.0,166.0,180.0,160.0,176.0,164.0,166.0,156.0,164.0,180.0,182.0,162.0,178.0,172.0,180.0,182.0,174.0,166.0,166.0,168.0,170.0,176.0,176.0,176.0,176.0,184.0,184.0,172.0,174.0,178.0,168.0,176.0,182.0,180.0,174.0,176.0,174.0,168.0,174.0,176.0,174.0,170.0,168.0,178.0,168.0,168.0,164.0,182.0,184.0,168.0,170.0,178.0,172.0,160.0,162.0,178.0,180.0,170.0,180.0,176.0,188.0,168.0,174.0,172.0,174.0,160.0,180.0,178.0,182.0,166.0,190.0,188.0,164.0,180.0,174.0,182.0,180.0,184.0,170.0,182.0,172.0,174.0,166.0,176.0,178.0,190.0,182.0,188.0,166.0,180.0,194.0,172.0,184.0,182.0,184.0,176.0,158.0,194.0,184.0,186.0,190.0,178.0,182.0,168.0,192.0,178.0,176.0,178.0,182.0,174.0,176.0,162.0,178.0,166.0,174.0,170.0,168.0,176.0,170.0,168.0,178.0,174.0,184.0,198.0,172.0,172.0,184.0,174.0,160.0,178.0,184.0,178.0,184.0,176.0,182.0,178.0,186.0,184.0,174.0,180.0,184.0,180.0,168.0,188.0,180.0,180.0,170.0,188.0,170.0,186.0,178.0,170.0,158.0,162.0,180.0,182.0,176.0,194.0,192.0,192.0,190.0,178.0,194.0,182.0,182.0,178.0,180.0,180.0,182.0,180.0,180.0,176.0,182.0,182.0,186.0,194.0,176.0,186.0,192.0,168.0,188.0,198.0,164.0,186.0,188.0,180.0,178.0,174.0,192.0,178.0,180.0,174.0,188.0,186.0,174.0,194.0,170.0,196.0,176.0,190.0,182.0,182.0,192.0,178.0,178.0,194.0,198.0,172.0,178.0,188.0,190.0,194.0,178.0,168.0,188.0,182.0,188.0,200.0,196.0,194.0,190.0,180.0,194.0,180.0,182.0,164.0,190.0,194.0,188.0,190.0,170.0,178.0,184.0
17.03562,9.35943,102.0,102.0,94.0,96.0,102.0,92.0,90.0,100.0,92.0,90.0,106.0,90.0,92.0,96.0,90.0,98.0,112.0,100.0,114.0,114.0,128.0,114.0,118.0,122.0,108.0,128.0,116.0,122.0,126.0,128.0,122.0,108.0,124.0,112.0,114.0,100.0,118.0,122.0,120.0,110.0,114.0,108.0,100.0,98.0,110.0,118.0,102.0,116.0,102.0,111.0,114.0,124.0,112.0,122.0,112.0,124.0,120.0,128.0,122.0,120.0,126.0,122.0,138.0,124.0,122.0,110.0,114.0,104.0,106.0,108.0,104.0,100.0,114.0,118.0,112.0,108.0,108.0,108.0,112.0,108.0,118.0,110.0,106.0,126.0,122.0,124.0,112.0,114.0,124.0,126.0,122.0,102.0,116.0,108.0,110.0,108.0,122.0,108.0,102.0,110.0,120.0,108.0,102.0,98.0,98.0,94.0,116.0,106.0,98.0,100.0,110.0,94.0,98.0,106.0,104.0,98.0,112.0,110.0,96.0,118.0,118.0,120.0,120.0,116.0,124.0,122.0,130.0,122.0,134.0,128.0,134.0,162.0,156.0,146.0,162.0,154.0,128.0,126.0,126.0,118.0,102.0,106.0,112.0,106.0,114.0,98.0,98.0,104.0,120.0,118.0,108.0,104.0,110.0,120.0,120.0,112.0,112.0,110.0,104.0,104.0,108.0,118.0,106.0,108.0,104.0,100.0,116.0,114.0,110.0,102.0,112.0,106.0,112.0,110.0,110.0,110.0,110.0,104.0,110.0,114.0,128.0,124.0,122.0,116.0,102.0,108.0,96.0,116.0,98.0,104.0,114.0,118.0,114.0,120.0,104.0,122.0,116.0,114.0,126.0,118.0,98.0,124.0,104.0,108.0,118.0,116.0,112.0,112.0,118.0,120.0,116.0,112.0,108.0,118.0,110.0,102.0,120.0,110.0,116.0,124.0,122.0,126.0,124.0,122.0,108.0,120.0,116.0,118.0,122.0,126.0,118.0,130.0,94.0,114.0,120.0,108.0,128.0,118.0,112.0,118.0,130.0,116.0,120.0,116.0,112.0,120.0,108.0,124.0,112.0,118.0,110.0,120.0,114.0,96.0,116.0,106.0,130.0,114.0,106.0,114.0,110.0,116.0,124.0,120.0,124.0,116.0,110.0,128.0,120.0,126.0,134.0,132.0,124.0,132.0,114.0,112.0,126.0,126.0,122.0,122.0,126.0,124.0,118.0,122.0,134.0,130.0,126.0,118.0,130.0,136.0,114.0,124.0,118.0,132.0,134.0,124.0,128.0,132.0,130.0,126.0,122.0,126.0,134.0,130.0,136.0,126.0,132.0,134.0,126.0,124.0,134.0,136.0,138.0,128.0,138.0,134.0,130.0,128.0,132.0,136.0,112.0,122.0,134.0,138.0,130.0,126.0,140.0,140.0,138.0,122.0,134.0,132.0,138.0,134.0,140.0,144.0,136.0,130.0,142.0,112.0,126.0,130.0,128.0,136.0,128.0,128.0,140.0,142.0,132.0,138.0,120.0,142.0,144.0,136.0,132.0,138.0,138.0,144.0,120.0,140.0,130.0,126.0,144.0,134.0,140.0,138.0,134.0,128.0,144.0,130.0,136.0,148.0,128.0,136.0,142.0,138.0,144.0,126.0,146.0,160.0,148.0,128.0,130.0,140.0,144.0,146.0,138.0,136.0,142.0,134.0,130.0,142.0,134.0,144.0,126.0,132.0,136.0,144.0,128.0,140.0,136.0,136.0,146.0,118.0,138.0,130.0,128.0,140.0,130.0,132.0,140.0,142.0,130.0,140.0,142.0,158.0,130.0,146.0,136.0,150.0,150.0,148.0,138.0,148.0,128.0,138.0,156.0,142.0,134.0,136.0,140.0,140.0,148.0,134.0,150.0,150.0,142.0,150.0,136.0,142.0,132.0,142.0,138.0,150.0,142.0,146.0,138.0,136.0,138.0,150.0,132.0,138.0,132.0,138.0,142.0,140.0,140.0,152.0,126.0,154.0,142.0,140.0,144.0,144.0,154.0,136.0,144.0,148.0,152.0,156.0,148.0,148.0,144.0,138.0,160.0,156.0,144.0,152.0,138.0,148.0,142.0,138.0,148.0,142.0,156.0,140.0,154.0,136.0,140.0,138.0,152.0,154.0,142.0,142.0,148.0,130.0,148.0,146.0,150.0,138.0,156.0,142.0,144.0,152.0,140.0,142.0,146.0,156.0,148.0,140.0,156.0,144.0,156.0,154.0,146.0,160.0,158.0,154.0,152.0,150.0,150.0,154.0,156.0,148.0,156.0,158.0,164.0,142.0,160.0,142.0,150.0,136.0,154.0,138.0,158.0,152.0,160.0,154.0,150.0,148.0,154.0,158.0,148.0,142.0,150.0,162.0,138.0,148.0,150.0,158.0,150.0,142.0,148.0,158.0,144.0,152.0,146.0,160.0,142.0,144.0,156.0,156.0,154.0,148.0,150.0,140.0,150.0,156.0,148.0,150.0,150.0,128.0,150.0,160.0,146.0,142.0,156.0,156.0,140.0,146.0,162.0,156.0,152.0,150.0,166.0,162.0,160.0,144.0,152.0,154.0,150.0,150.0,152.0,154.0,154.0,146.0,144.0,150.0,160.0,144.0,138.0,152.0,168.0,142.0,158.0,164.0,156.0,160.0,150.0,146.0,158.0,152.0,142.0,152.0,156.0,158.0,146.0,152.0,158.0,136.0,148.0,148.0,162.0,150.0,158.0,166.0,156.0,154.0,154.0,158.0,160.0,140.0,156.0,154.0,152.0,160.0,152.0,164.0,150.0,150.0,148.0,158.0,152.0,156.0,168.0,160.0,156.0,162.0,152.0,168.0,160.0,150.0,164.0,168.0,158.0,156.0,148.0,152.0,162.0,146.0,158.0,170.0,164.0,156.0,156.0,156.0,148.0,156.0,156.0,148.0,158.0,154.0,156.0,154.0,168.0,170.0,156.0,142.0,154.0,152.0,156.0
17.03562,10.91933,84.0,68.0,80.0,84.0,74.0,86.0,70.0,70.0,72.0,64.0,70.0,84.0,82.0,74.0,82.0,84.0,78.0,86.0,100.0,94.0,88.0,78.0,84.0,96.0,98.0,96.0,96.0,102.0,102.0,102.0,90.0,96.0,98.0,92.0,98.0,82.0,98.0,96.0,94.0,94.0,86.0,98.0,88.0,92.0,98.0,104.0,98.0,104.0,98.0,99.0,100.0,92.0,104.0,102.0,90.0,100.0,104.0,100.0,92.0,116.0,96.0,102.0,92.0,104.0,98.0,102.0,94.0,94.0,92.0,96.0,92.0,100.0,86.0,94.0,102.0,92.0,94.0,102.0,106.0,84.0,86.0,88.0,100.0,104.0,92.0,92.0,100.0,102.0,94.0,88.0,98.0,98.0,98.0,92.0,94.0,92.0,90.0,98.0,96.0,104.0,88.0,98.0,96.0,88.0,92.0,84.0,92.0,84.0,96.0,76.0,94.0,94.0,88.0,90.0,94.0,94.0,98.0,94.0,92.0,86.0,90.0,102.0,88.0,96.0,104.0,90.0,92.0,96.0,96.0,96.0,94.0,114.0,124.0,110.0,124.0,110.0,110.0,96.0,100.0,100.0,100.0,96.0,92.0,88.0,86.0,82.0,96.0,94.0,98.0,90.0,88.0,98.0,84.0,94.0,92.0,94.0,92.0,92.0,92.0,88.0,94.0,96.0,84.0,90.0,98.0,80.0,88.0,88.0,94.0,88.0,86.0,86.0,90.0,90.0,84.0,90.0,86.0,98.0,90.0,92.0,90.0,96.0,90.0,86.0,98.0,100.0,104.0,94.0,86.0,92.0,88.0,98.0,102.0,98.0,92.0,84.0,92.0,96.0,92.0,96.0,86.0,84.0,92.0,86.0,88.0,98.0,96.0,90.0,94.0,82.0,92.0,90.0,92.0,98.0,90.0,102.0,94.0,88.0,106.0,84.0,90.0,100.0,100.0,94.0,106.0,90.0,104.0,100.0,100.0,94.0,92.0,98.0,76.0,100.0,88.0,100.0,92.0,94.0,94.0,82.0,94.0,100.0,94.0,98.0,92.0,86.0,96.0,94.0,94.0,108.0,92.0,100.0,100.0,98.0,92.0,108.0,92.0,106.0,94.0,82.0,106.0,108.0,96.0,98.0,98.0,102.0,92.0,90.0,98.0,94.0,98.0,100.0,90.0,98.0,98.0,104.0,112.0,92.0,104.0,104.0,94.0,94.0,98.0,96.0,96.0,84.0,108.0,100.0,92.0,112.0,98.0,102.0,108.0,102.0,98.0,112.0,100.0,104.0,98.0,106.0,100.0,104.0,100.0,110.0,108.0,104.0,98.0,100.0,110.0,114.0,106.0,116.0,106.0,106.0,106.0,111.0,116.0,116.0,102.0,118.0,108.0,102.0,112.0,106.0,104.0,104.0,106.0,104.0,112.0,100.0,110.0,108.0,112.0,112.0,108.0,108.0,110.0,110.0,110.0,108.0,96.0,104.0,94.0,98.0,112.0,110.0,102.0,114.0,116.0,100.0,106.0,96.0,104.0,108.0,108.0,98.0,100.0,120.0,100.0,118.0,110.0,102.0,94.0,108.0,110.0,112.0,114.0,104.0,114.0,116.0,112.0,110.0,110.0,112.0,100.0,114.0,114.0,118.0,112.0,114.0,110.0,102.0,112.0,100.0,112.0,112.0,114.0,102.0,120.0,94.0,114.0,110.0,106.0,102.0,114.0,100.0,118.0,118.0,110.0,122.0,104.0,122.0,114.0,116.0,110.0,106.0,112.0,116.0,108.0,110.0,114.0,122.0,122.0,104.0,102.0,108.0,102.0,98.0,106.0,106.0,116.0,118.0,116.0,110.0,118.0,124.0,114.0,118.0,122.0,124.0,114.0,124.0,106.0,112.0,110.0,112.0,118.0,118.0,126.0,120.0,114.0,110.0,108.0,122.0,110.0,110.0,102.0,116.0,114.0,124.0,116.0,114.0,116.0,108.0,124.0,100.0,112.0,118.0,110.0,116.0,126.0,110.0,114.0,120.0,118.0,122.0,126.0,114.0,102.0,120.0,116.0,106.0,124.0,110.0,118.0,112.0,118.0,126.0,114.0,124.0,118.0,116.0,110.0,112.0,122.0,118.0,112.0,122.0,122.0,106.0,116.0,106.0,114.0,112.0,120.0,122.0,110.0,112.0,124.0,102.0,122.0,110.0,110.0,110.0,116.0,124.0,118.0,126.0,126.0,118.0,110.0,114.0,110.0,118.0,120.0,122.0,106.0,116.0,124.0,126.0,112.0,118.0,118.0,118.0,116.0,120.0,116.0,116.0,124.0,120.0,116.0,112.0,106.0,106.0,114.0,120.0,112.0,118.0,114.0,116.0,120.0,112.0,128.0,112.0,110.0,120.0,124.0,122.0,114.0,126.0,124.0,106.0,120.0,110.0,102.0,114.0,116.0,118.0,114.0,116.0,120.0,120.0,118.0,126.0,124.0,130.0,118.0,108.0,126.0,106.0,128.0,126.0,132.0,120.0,106.0,116.0,106.0,122.0,112.0,112.0,114.0,122.0,122.0,110.0,126.0,120.0,110.0,122.0,120.0,116.0,112.0,122.0,122.0,112.0,112.0,122.0,108.0,120.0,136.0,128.0,116.0,120.0,114.0,108.0,120.0,128.0,128.0,112.0,114.0,118.0,120.0,112.0,122.0,118.0,120.0,120.0,120.0,126.0,110.0,112.0,112.0,112.0,116.0,122.0,118.0,116.0,108.0,114.0,110.0,126.0,120.0,120.0,108.0,132.0,126.0,120.0,118.0,134.0,114.0,120.0,116.0,124.0,126.0,132.0,118.0,114.0,114.0,124.0,112.0,124.0,128.0,114.0,118.0,116.0,124.0,126.0,126.0,126.0,132.0,120.0,132.0,128.0,110.0,126.0,128.0,124.0,134.0,122.0,128.0,116.0,114.0,114.0,110.0,126.0,118.0,108.0,132.0,132.0,126.0,134.0,124.0
17.03562,12.479230000000001,80.0,76.0,76.0,78.0,88.0,82.0,92.0,90.0,78.0,82.0,78.0,74.0,88.0,78.0,84.0,82.0,74.0,82.0,88.0,100.0,94.0,84.0,82.0,82.0,96.0,84.0,90.0,88.0,92.0,98.0,92.0,94.0,84.0,84.0,88.0,88.0,72.0,82.0,82.0,84.0,84.0,88.0,88.0,92.0,70.0,90.0,88.0,74.0,90.0,92.0,94.0,90.0,92.0,94.0,88.0,98.0,94.0,90.0,78.0,86.0,86.0,100.0,86.0,92.0,82.0,80.0,92.0,84.0,94.0,100.0,98.0,104.0,88.0,94.0,90.0,100.0,92.0,92.0,100.0,98.0,100.0,86.0,106.0,92.0,102.0,98.0,106.0,96.0,98.0,92.0,118.0,110.0,102.0,98.0,96.0,92.0,92.0,84.0,78.0,86.0,76.0,82.0,84.0,82.0,94.0,82.0,86.0,78.0,86.0,92.0,90.0,90.0,94.0,82.0,92.0,86.0,86.0,88.0,94.0,80.0,88.0,96.0,76.0,96.0,84.0,90.0,84.0,90.0,86.0,84.0,98.0,86.0,92.0,88.0,86.0,84.0,88.0,82.0,84.0,80.0,72.0,78.0,84.0,92.0,82.0,82.0,90.0,78.0,94.0,86.0,96.0,86.0,98.0,86.0,96.0,88.0,96.0,86.0,82.0,90.0,84.0,90.0,96.0,82.0,88.0,84.0,90.0,96.0,96.0,96.0,90.0,88.0,78.0,76.0,92.0,90.0,94.0,92.0,92.0,84.0,92.0,86.0,102.0,102.0,90.0,92.0,104.0,100.0,92.0,100.0,104.0,100.0,98.0,96.0,88.0,98.0,86.0,90.0,82.0,94.0,102.0,94.0,100.0,102.0,88.0,84.0,84.0,96.0,84.0,84.0,76.0,90.0,82.0,88.0,74.0,86.0,82.0,84.0,90.0,84.0,80.0,90.0,84.0,84.0,78.0,76.0,74.0,90.0,70.0,80.0,74.0,82.0,68.0,80.0,80.0,76.0,72.0,72.0,86.0,74.0,76.0,76.0,82.0,78.0,70.0,68.0,82.0,82.0,76.0,86.0,82.0,68.0,86.0,82.0,76.0,68.0,84.0,70.0,72.0,66.0,74.0,74.0,74.0,66.0,84.0,74.0,68.0,80.0,84.0,74.0,80.0,80.0,66.0,72.0,70.0,76.0,84.0,70.0,82.0,78.0,86.0,72.0,70.0,84.0,84.0,78.0,80.0,82.0,76.0,82.0,76.0,74.0,86.0,72.0,84.0,72.0,72.0,70.0,80.0,80.0,70.0,80.0,78.0,80.0,72.0,86.0,80.0,78.0,70.0,70.0,74.0,84.0,92.0,88.0,98.0,81.0,64.0,84.0,84.0,88.0,76.0,70.0,76.0,84.0,82.0,72.0,74.0,84.0,66.0,86.0,86.0,74.0,80.0,72.0,78.0,88.0,74.0,78.0,74.0,80.0,74.0,76.0,78.0,86.0,74.0,84.0,80.0,82.0,82.0,86.0,94.0,80.0,84.0,72.0,86.0,80.0,70.0,78.0,72.0,80.0,82.0,78.0,94.0,86.0,82.0,74.0,76.0,74.0,74.0,82.0,76.0,86.0,88.0,80.0,92.0,74.0,72.0,90.0,90.0,74.0,82.0,80.0,84.0,86.0,82.0,80.0,92.0,92.0,86.0,92.0,86.0,86.0,80.0,88.0,70.0,90.0,76.0,78.0,82.0,86.0,80.0,72.0,92.0,80.0,84.0,82.0,82.0,90.0,82.0,88.0,90.0,82.0,78.0,80.0,88.0,86.0,78.0,86.0,88.0,82.0,78.0,82.0,88.0,92.0,86.0,92.0,84.0,90.0,94.0,88.0,98.0,86.0,88.0,66.0,88.0,84.0,92.0,90.0,86.0,88.0,88.0,90.0,86.0,84.0,88.0,92.0,90.0,88.0,82.0,80.0,86.0,78.0,92.0,78.0,88.0,88.0,98.0,88.0,92.0,88.0,84.0,90.0,86.0,98.0,92.0,78.0,82.0,90.0,84.0,86.0,82.0,84.0,90.0,84.0,84.0,90.0,92.0,90.0,86.0,90.0,94.0,80.0,72.0,84.0,90.0,86.0,86.0,78.0,84.0,86.0,88.0,90.0,94.0,80.0,86.0,88.0,88.0,78.0,84.0,78.0,98.0,78.0,90.0,82.0,84.0,74.0,84.0,84.0,80.0,84.0,96.0,78.0,96.0,92.0,98.0,86.0,100.0,80.0,88.0,86.0,90.0,94.0,80.0,86.0,78.0,88.0,78.0,76.0,88.0,96.0,102.0,82.0,90.0,76.0,92.0,92.0,82.0,94.0,78.0,88.0,88.0,86.0,88.0,86.0,88.0,98.0,84.0,88.0,92.0,90.0,80.0,72.0,86.0,82.0,84.0,80.0,90.0,88.0,80.0,90.0,80.0,80.0,92.0,80.0,82.0,92.0,90.0,84.0,86.0,94.0,90.0,76.0,88.0,84.0,82.0,78.0,88.0,82.0,94.0,98.0,84.0,90.0,92.0,84.0,86.0,92.0,92.0,92.0,84.0,92.0,86.0,84.0,80.0,82.0,84.0,82.0,86.0,88.0,82.0,84.0,92.0,88.0,88.0,86.0,86.0,92.0,86.0,94.0,88.0,86.0,86.0,72.0,90.0,90.0,92.0,80.0,90.0,84.0,84.0,88.0,100.0,92.0,90.0,84.0,102.0,88.0,78.0,86.0,84.0,82.0,100.0,86.0,92.0,76.0,92.0,84.0,94.0,100.0,86.0,90.0,84.0,84.0,90.0,88.0,96.0,82.0,96.0,98.0,80.0,92.0,88.0,86.0,86.0,82.0,94.0,84.0,82.0,98.0,92.0,98.0,80.0,72.0,88.0,92.0,82.0,94.0,84.0,86.0,80.0,96.0,82.0,96.0,84.0,100.0,94.0,86.0,86.0,88.0,94.0,102.0,92.0
17.03562,14.03914,70.0,66.0,76.0,80.0,74.0,66.0,84.0,74.0,76.0,64.0,70.0,80.0,76.0,74.0,78.0,74.0,80.0,78.0,82.0,88.0,80.0,76.0,82.0,76.0,80.0,86.0,98.0,86.0,76.0,86.0,80.0,86.0,76.0,72.0,84.0,84.0,76.0,74.0,92.0,84.0,88.0,80.0,82.0,80.0,76.0,66.0,76.0,80.0,80.0,77.0,74.0,84.0,78.0,82.0,78.0,86.0,80.0,90.0,84.0,80.0,88.0,72.0,80.0,94.0,96.0,88.0,96.0,94.0,92.0,78.0,78.0,92.0,94.0,74.0,98.0,96.0,86.0,84.0,86.0,82.0,84.0,92.0,84.0,92.0,88.0,92.0,80.0,92.0,92.0,90.0,90.0,92.0,90.0,86.0,88.0,76.0,76.0,80.0,82.0,82.0,76.0,72.0,84.0,76.0,82.0,70.0,64.0,82.0,74.0,78.0,78.0,70.0,82.0,82.0,80.0,82.0,78.0,88.0,78.0,78.0,76.0,78.0,74.0,74.0,88.0,76.0,84.0,80.0,82.0,78.0,80.0,78.0,90.0,82.0,70.0,88.0,88.0,80.0,74.0,76.0,80.0,90.0,92.0,88.0,80.0,82.0,84.0,82.0,82.0,76.0,74.0,74.0,84.0,80.0,78.0,78.0,86.0,84.0,86.0,78.0,80.0,88.0,90.0,72.0,82.0,78.0,90.0,82.0,80.0,84.0,80.0,86.0,92.0,90.0,86.0,84.0,78.0,84.0,88.0,94.0,94.0,90.0,100.0,110.0,110.0,112.0,104.0,122.0,110.0,100.0,112.0,112.0,100.0,114.0,94.0,86.0,94.0,100.0,84.0,82.0,80.0,86.0,78.0,90.0,80.0,80.0,84.0,80.0,68.0,84.0,76.0,86.0,70.0,82.0,76.0,70.0,70.0,68.0,70.0,76.0,80.0,76.0,68.0,70.0,70.0,74.0,70.0,74.0,64.0,76.0,76.0,70.0,66.0,66.0,60.0,70.0,74.0,68.0,66.0,68.0,70.0,74.0,66.0,66.0,78.0,74.0,66.0,66.0,74.0,66.0,66.0,72.0,72.0,68.0,70.0,78.0,70.0,78.0,74.0,72.0,70.0,74.0,76.0,74.0,68.0,78.0,74.0,70.0,76.0,56.0,68.0,70.0,70.0,70.0,74.0,68.0,74.0,70.0,76.0,62.0,76.0,60.0,76.0,68.0,70.0,62.0,78.0,62.0,68.0,68.0,68.0,76.0,70.0,64.0,70.0,74.0,62.0,78.0,76.0,66.0,80.0,70.0,62.0,82.0,80.0,72.0,70.0,72.0,72.0,70.0,68.0,62.0,68.0,74.0,74.0,73.0,72.0,74.0,78.0,70.0,72.0,74.0,72.0,72.0,78.0,72.0,72.0,68.0,64.0,68.0,66.0,66.0,64.0,72.0,72.0,70.0,74.0,86.0,74.0,74.0,70.0,80.0,64.0,62.0,70.0,76.0,74.0,74.0,68.0,84.0,78.0,76.0,78.0,72.0,72.0,68.0,74.0,80.0,68.0,72.0,72.0,76.0,68.0,76.0,70.0,72.0,72.0,72.0,72.0,70.0,78.0,78.0,72.0,74.0,84.0,66.0,78.0,66.0,80.0,76.0,74.0,72.0,70.0,64.0,82.0,70.0,76.0,82.0,78.0,74.0,82.0,78.0,74.0,74.0,74.0,74.0,72.0,78.0,76.0,70.0,82.0,78.0,72.0,80.0,68.0,78.0,70.0,78.0,76.0,74.0,70.0,76.0,80.0,70.0,74.0,80.0,76.0,80.0,88.0,76.0,86.0,78.0,74.0,80.0,80.0,78.0,76.0,68.0,82.0,76.0,76.0,78.0,82.0,78.0,76.0,68.0,84.0,76.0,74.0,82.0,80.0,82.0,88.0,78.0,88.0,80.0,78.0,76.0,86.0,74.0,88.0,74.0,88.0,72.0,80.0,70.0,86.0,80.0,78.0,74.0,66.0,78.0,74.0,84.0,76.0,86.0,86.0,72.0,84.0,84.0,86.0,80.0,90.0,78.0,80.0,84.0,80.0,80.0,80.0,86.0,76.0,84.0,68.0,78.0,78.0,66.0,72.0,80.0,80.0,74.0,80.0,78.0,70.0,80.0,84.0,62.0,78.0,78.0,76.0,74.0,80.0,70.0,78.0,82.0,86.0,90.0,82.0,76.0,80.0,84.0,92.0,78.0,74.0,86.0,76.0,80.0,70.0,86.0,74.0,76.0,74.0,80.0,84.0,80.0,70.0,78.0,88.0,78.0,88.0,84.0,76.0,74.0,84.0,76.0,84.0,70.0,80.0,86.0,82.0,80.0,82.0,80.0,84.0,78.0,86.0,82.0,64.0,88.0,82.0,80.0,76.0,72.0,72.0,84.0,86.0,80.0,82.0,82.0,80.0,76.0,74.0,86.0,80.0,74.0,72.0,72.0,76.0,72.0,74.0,74.0,74.0,82.0,78.0,78.0,78.0,90.0,72.0,80.0,84.0,66.0,78.0,80.0,82.0,76.0,86.0,76.0,76.0,84.0,86.0,84.0,88.0,74.0,78.0,80.0,82.0,78.0,86.0,74.0,78.0,80.0,80.0,80.0,82.0,82.0,84.0,68.0,80.0,82.0,66.0,84.0,80.0,92.0,76.0,76.0,74.0,72.0,80.0,70.0,74.0,88.0,84.0,74.0,82.0,76.0,78.0,78.0,80.0,76.0,84.0,72.0,76.0,88.0,64.0,74.0,74.0,76.0,86.0,80.0,86.0,78.0,64.0,78.0,78.0,82.0,84.0,86.0,78.0,76.0,82.0,82.0,72.0,76.0,74.0,78.0,78.0,82.0,78.0,78.0,72.0,72.0,82.0,80.0,80.0,70.0,70.0,80.0,78.0,72.0,80.0,80.0,76.0,82.0,76.0,68.0,72.0,82.0,88.0,78.0,76.0,86.0,82.0
